0 0 0.8740982947674
1 0 0.8731373796848
2 0 0.8718814978526
3 0 0.8707208785225
4 0 0.8704803210928
5 0 0.8703155988157
6 0 0.8696073114264
7 0 0.869300611644
8 0 0.8693058654757
9 0 0.8699855122555
10 0 0.8714707251197
11 0 0.8741658636482
12 0 0.8778826740741
13 0 0.8843579068882
14 0 0.8903483818745
15 0 0.8966214279883
16 0 0.9016167017882
17 0 0.9049833424887
18 0 0.9067032963285
19 0 0.9063498090753
20 0 0.9042241476934
21 0 0.9010755108573
22 0 0.8969271021216
23 0 0.8926592928192
24 0 0.8871517612497
25 0 0.8822597849227
26 0 0.8795937885097
27 0 0.8771486120731
28 0 0.8753588241713
29 0 0.8740237155098
30 0 0.8728919659023
0 1 0.8998622567988
1 1 0.900147611349
2 1 0.8978690233135
3 1 0.8949356613707
4 1 0.8915923856991
5 1 0.8915572962905
6 1 0.8923564443879
7 1 0.8942518259132
8 1 0.8953921839084
9 1 0.8964055673445
10 1 0.8974184092823
11 1 0.8983979511051
12 1 0.8990768279131
13 1 0.8992864675758
14 1 0.8989256169444
15 1 0.8979327535595
16 1 0.8961039193793
17 1 0.8942202203801
18 1 0.8918040784579
19 1 0.8892796072941
20 1 0.8866222508324
21 1 0.8840334218517
22 1 0.881521051982
23 1 0.8675828892824
24 1 0.869535224727
25 1 0.8713665467279
26 1 0.8722572597349
27 1 0.8726165206918
28 1 0.8726032859996
29 1 0.8722784911077
30 1 0.8719159605877
0 2 0.9006961480528
1 2 0.9014494663526
2 2 0.8985537136155
3 2 0.8927778860448
4 2 0.8892465824454
5 2 0.8884245389965
6 2 0.8888808372275
7 2 0.8897230631047
8 2 0.8903695215828
9 2 0.8908260065369
10 2 0.8912958592941
11 2 0.8908010664331
12 2 0.8901336819719
13 2 0.8894009956294
14 2 0.8883391526598
15 2 0.8869568809291
16 2 0.8852890506691
17 2 0.8835721222056
18 2 0.8817388730328
19 2 0.880232911305
20 2 0.8784726389448
21 2 0.8760828018396
22 2 0.8758687157879
23 2 0.8753507968318
24 2 0.8748148308608
25 2 0.8741196886302
26 2 0.8735984932173
27 2 0.8732020769236
28 2 0.8726147802162
29 2 0.872038810544
30 2 0.8716332077808
0 3 0.8935754985343
1 3 0.8935615444131
2 3 0.8908601313959
3 3 0.8852152362909
4 3 0.8814858257919
5 3 0.8809234393214
6 3 0.8804283913001
7 3 0.8791955210263
8 3 0.8792422338732
9 3 0.8789519878755
10 3 0.8777348755832
11 3 0.8772595647715
12 3 0.8771933488694
13 3 0.8766167369428
14 3 0.8756074526703
15 3 0.8749554866396
16 3 0.8735984932173
17 3 0.8726820473969
18 3 0.8718540961304
19 3 0.8711450741537
20 3 0.8699626264056
21 3 0.8694692697473
22 3 0.8688580065493
23 3 0.868370282351
24 3 0.8680127505286
25 3 0.8676074064918
26 3 0.8671797011897
27 3 0.8668205011634
28 3 0.866595182193
29 3 0.8662356085782
30 3 0.865952170905
0 4 0.8816828251838
1 4 0.8807655647842
2 4 0.8767346560476
3 4 0.8705957287579
4 4 0.8662286052362
5 4 0.8659818097634
6 4 0.8663307008706
7 4 0.8665733683517
8 4 0.8667514514682
9 4 0.8670363434385
10 4 0.8667855456163
11 4 0.8663979320319
12 4 0.8659574200489
13 4 0.8656323431901
14 4 0.8652979548436
15 4 0.8647881847532
16 4 0.8642703002895
17 4 0.8637937872496
18 4 0.8634712200931
19 4 0.8630345651508
20 4 0.8625654717999
21 4 0.8621798526058
22 4 0.8618221999243
23 4 0.8615382141224
24 4 0.8612492231327
25 4 0.8610078687509
26 4 0.8606968324512
27 4 0.860071171299
28 4 0.85992156205
29 4 0.8598355814212
30 4 0.8597204393826
0 5 0.8738692132381
1 5 0.8733395268355
2 5 0.8694508387033
3 5 0.8632822740236
4 5 0.8595846740637
5 5 0.8574800743068
6 5 0.8586682374571
7 5 0.8599146956432
8 5 0.8609061414297
9 5 0.8614105310309
10 5 0.8617091064557
11 5 0.8617747380749
12 5 0.8613536106364
13 5 0.8608699673132
14 5 0.8609061414297
15 5 0.8610164471362
16 5 0.8609277061787
17 5 0.860932012199
18 5 0.8607950524452
19 5 0.8606296366422
20 5 0.8604238816794
21 5 0.8600952305631
22 5 0.8598854706258
23 5 0.8597315967083
24 5 0.8595503348378
25 5 0.8593605334583
26 5 0.8591682498546
27 5 0.8590618610855
28 5 0.8589580634177
29 5 0.8589065955437
30 5 0.8588345157576
0 6 0.8725297954383
1 6 0.8713268490572
2 6 0.8673974063
3 6 0.8600496494376
4 6 0.8571870110207
5 6 0.8574014424187
6 6 0.8587453811766
7 6 0.8591777055659
8 6 0.8599163506133
9 6 0.8605986348693
10 6 0.8609906065925
11 6 0.861324287733
12 6 0.8614087643009
13 6 0.861426078567
14 6 0.8613544585573
15 6 0.8612052855039
16 6 0.8608975299497
17 6 0.8605263413465
18 6 0.8604092868645
19 6 0.8602354562756
20 6 0.85992156205
21 6 0.8594618606433
22 6 0.8590558166608
23 6 0.8584128526805
24 6 0.8581011284438
25 6 0.8574886175532
26 6 0.8569999305422
27 6 0.8566303823872
28 6 0.8563395407484
29 6 0.8561767752265
30 6 0.8559535359074
0 7 0.8776435354658
1 7 0.8770251973516
2 7 0.8730762492412
3 7 0.8651752501047
4 7 0.8626684421753
5 7 0.8620268903952
6 7 0.863046659919
7 7 0.8645908307425
8 7 0.8659417442227
9 7 0.8669148272282
10 7 0.8676065103705
11 7 0.8682107726352
12 7 0.8688141518407
13 7 0.8693462429319
14 7 0.869601153704
15 7 0.8698086917912
16 7 0.8698192118046
17 7 0.8696855689098
18 7 0.8695079702827
19 7 0.8696354364017
20 7 0.8696723509418
21 7 0.8691802227394
22 7 0.867878801304
23 7 0.8662050948451
24 7 0.864262439463
25 7 0.8622757913567
26 7 0.8609354358689
27 7 0.859814951445
28 7 0.8590927522354
29 7 0.8583845366522
30 7 0.8576630560413
0 8 1.004527597219
1 8 0.9758472235892
2 8 0.9558504075905
3 8 0.9391869306682
4 8 0.9224322341748
5 8 0.9148775292661
6 8 0.9115983966286
7 8 0.9093499360424
8 8 0.9073930235476
9 8 0.9061875000324
10 8 0.9043629310075
11 8 0.9032964384054
12 8 0.9022882028825
13 8 0.9013719653918
14 8 0.9003991726789
15 8 0.8988739036146
16 8 -100.920665592
17 8 399.3253683135
18 8 -112.5110341178
19 8 60.1038938737
20 8 -96.11653498244
21 8 2.994210480164
22 8 1.941759063577
23 8 1.643932901235
24 8 1.463372415597
25 8 1.371357283239
26 8 1.30512538899
27 8 1.254870016082
28 8 1.215604049281
29 8 1.183713856002
30 8 1.157190753032
0 9 1.267643561086
1 9 1.210259054798
2 9 1.170766365265
3 9 1.138358165533
4 9 1.105639773717
5 9 1.088432497049
6 9 1.076362154246
7 9 1.066770702209
8 9 1.058383028616
9 9 1.050677844812
10 9 1.044207104457
11 9 1.038136385019
12 9 1.033007186729
13 9 1.028431075015
14 9 2.330692787888
15 9 -140.5239012085
16 9 -155.2891828439
17 9 -117.7960625937
18 9 -103.6571219847
19 9 17.05625314728
20 9 -2,312.222637884
21 9 641.421987341
22 9 119.7642492082
23 9 4.251165583568
24 9 2.326355816787
25 9 1.947668448882
26 9 1.752776105221
27 9 1.627654122569
28 9 1.539831480843
29 9 1.461788127454
30 9 1.412248430639
0 10 1.511679016124
1 10 1.427937696222
2 10 1.368292289126
3 10 1.321339097895
4 10 1.282040872318
5 10 1.250909813513
6 10 1.231584007049
7 10 1.215351556932
8 10 1.198836032969
9 10 1.186512472026
10 10 1.176084292313
11 10 1.166329273526
12 10 1.157857493877
13 10 1.149867423024
14 10 -168.2932611051
15 10 -652.615239032
16 10 56.42156993394
17 10 89.53333944434
18 10 -120.3844460086
19 10 30.99516623003
20 10 96.62400333491
21 10 681.0347044583
22 10 -1,807.031168603
23 10 -263.6061573377
24 10 4.104145626813
25 10 2.527925329034
26 10 2.117003134072
27 10 1.897744124449
28 10 1.763445241288
29 10 1.658024804525
30 10 1.584679978029
0 11 1.683261892225
1 11 1.580257556397
2 11 1.509230670384
3 11 1.454088002237
4 11 1.410270909012
5 11 1.377272795242
6 11 1.352106930282
7 11 1.327788740465
8 11 1.311433394827
9 11 1.296387843685
10 11 1.283287954845
11 11 1.271453045602
12 11 1.260576537285
13 11 -111.0010145493
14 11 950.438480267
15 11 28.35025875281
16 11 5.561318435003
17 11 5.30830321756
18 11 3.928418454086
19 11 150.1390824114
20 11 410.963592794
21 11 62.03280436484
22 11 53.5650062365
23 11 -144.952285159
24 11 27.73146403193
25 11 2.671429443732
26 11 2.227551846269
27 11 2.001295600652
28 11 1.855716389415
29 11 1.752265474828
30 11 1.673759821682
0 12 1.762061605366
1 12 1.64748471448
2 12 1.576154375465
3 12 1.515351484694
4 12 1.471591761945
5 12 1.437447126759
6 12 1.404998046384
7 12 1.382854903949
8 12 1.364753511868
9 12 1.349186488733
10 12 1.335246083946
11 12 1.322594704079
12 12 1.311625309871
13 12 -460.46406226
14 12 -246.3898172016
15 12 19.09019320866
16 12 -272.8026654639
17 12 11.23053747855
18 12 8.855077672314
19 12 -172.6509116955
20 12 693.107828171
21 12 35.25481001519
22 12 16.29405524585
23 12 612.6401669649
24 12 24.90580269623
25 12 3.097507317861
26 12 2.449276932628
27 12 2.162411743996
28 12 1.987478318741
29 12 1.846422880113
30 12 1.761037005928
0 13 1.847196005722
1 13 1.733765024312
2 13 1.6491684657
3 13 1.594813726516
4 13 1.546348140549
5 13 1.507442783394
6 13 1.478233018798
7 13 1.455322937199
8 13 1.43387677263
9 13 1.416541808624
10 13 1.400347846405
11 13 1.382890509841
12 13 20.25447529865
13 13 -192.8148023006
14 13 42.78486263411
15 13 4,366.227793547
16 13 6.452666144861
17 13 7.455356526332
18 13 14.43417368978
19 13 7.864271658906
20 13 17.84944452529
21 13 68.21689672761
22 13 60.27235873465
23 13 -116.740887929
24 13 4.477575947844
25 13 2.794190468202
26 13 2.369694184195
27 13 2.13788720955
28 13 1.990090184822
29 13 1.883956784723
30 13 1.802743930784
0 14 1.906865164066
1 14 1.790965194638
2 14 1.708111414414
3 14 1.649022906813
4 14 1.601912408803
5 14 1.554983436835
6 14 1.525139860772
7 14 1.500353869177
8 14 1.47904395444
9 14 1.460921701067
10 14 1.444493679515
11 14 1.429337728615
12 14 1.958680789315
13 14 -890.4211293372
14 14 13.93582274908
15 14 26.79251151855
16 14 15.27059605281
17 14 32.12739829116
18 14 20.70896449655
19 14 55.89361433023
20 14 -183.9099464805
21 14 -152.8878104878
22 14 18.24238764709
23 14 93.47390146355
24 14 4.837394998295
25 14 2.946162251889
26 14 2.480124342569
27 14 2.234263602676
28 14 2.075012902134
29 14 1.961284615273
30 14 1.874419766667
0 15 1.957735729841
1 15 1.820828877722
2 15 1.739494251986
3 15 1.684762081108
4 15 1.63923050149
5 15 1.598459146277
6 15 1.567754309906
7 15 1.542363548749
8 15 1.520094124228
9 15 1.49946201445
10 15 1.481833880918
11 15 1.466511067515
12 15 1.451599725108
13 15 -124.9487040945
14 15 -184.6204809522
15 15 193.0311703057
16 15 43.49447899724
17 15 50.48995330473
18 15 -251.3579313003
19 15 -295.6847180873
20 15 24.89138761544
21 15 19.74172187298
22 15 -1,622.918452521
23 15 46.84130144764
24 15 3.793303951485
25 15 2.815961998995
26 15 2.43477301075
27 15 2.219487555201
28 15 2.073297503856
29 15 1.96609037125
30 15 1.882270606337
0 16 1.967057040064
1 16 1.823967981545
2 16 1.754900339836
3 16 1.703031802091
4 16 1.653228803088
5 16 1.61804617688
6 16 1.588220426239
7 16 1.564110894569
8 16 1.54149008653
9 16 1.522607458021
10 16 1.506009623832
11 16 1.490306619942
12 16 1.474391711616
13 16 5.880059223957
14 16 155.1211588585
15 16 81.63884142821
16 16 -1,031.351109243
17 16 12.37016189714
18 16 -128.2461309516
19 16 189.459655649
20 16 -143.2384494561
21 16 345.0247998897
22 16 -1,227.028349438
23 16 5.612703568749
24 16 3.104573339595
25 16 2.582286845194
26 16 2.314618102893
27 16 2.118332686569
28 16 2.004658444385
29 16 1.916706226875
30 16 1.846751787854
0 17 1.945289853005
1 17 1.841773420824
2 17 1.768546690188
3 17 1.709214579275
4 17 1.654612160485
5 17 1.612063021531
6 17 1.583000086688
7 17 1.559155125021
8 17 1.535236305034
9 17 1.519750459869
10 17 1.501755230059
11 17 1.487530878662
12 17 1.474368938501
13 17 1.464700406343
14 17 4.915518044691
15 17 -157.0184088383
16 17 -116.377597645
17 17 92.16187803789
18 17 -139.8385424189
19 17 465.699429649
20 17 -151.3011139292
21 17 -101.8648544424
22 17 4.501312454103
23 17 2.946879135717
24 17 2.495407084432
25 17 2.24936744574
26 17 2.091903496706
27 17 1.979847789302
28 17 1.893995865353
29 17 1.827207272911
30 17 1.773513238516
0 18 1.83029041741
1 18 1.747069218591
2 18 1.684531119186
3 18 1.63316742167
4 18 1.587016092343
5 18 1.557024117636
6 18 1.533175732602
7 18 1.513165621742
8 18 1.496628523545
9 18 1.480056868014
10 18 1.465771206097
11 18 1.451766308762
12 18 1.442245980821
13 18 1.432730342616
14 18 1.479354237924
15 18 1.486371460083
16 18 71.16886317501
17 18 58.09840275871
18 18 -171.4806315485
19 18 -109.7686176854
20 18 4.736569699086
21 18 2.688958904257
22 18 2.26545794776
23 18 2.050131094168
24 18 1.915340490991
25 18 1.819904345828
26 18 1.749371684003
27 18 1.694102864232
28 18 1.649171444486
29 18 1.60531177792
30 18 1.575066310292
0 19 1.565463198197
1 19 1.527843418458
2 19 1.49729022554
3 19 1.471375235578
4 19 1.445272685103
5 19 1.428177173947
6 19 1.414061712481
7 19 1.401436098284
8 19 1.388785189254
9 19 1.379459571094
10 19 1.370179862206
11 19 1.361821515392
12 19 1.354062962638
13 19 1.345509898916
14 19 1.339953298161
15 19 1.331634759218
16 19 1.65191740413
17 19 2.020352258999
18 19 2.556347062824
19 19 81.65433867607
20 19 2.489441508023
21 19 1.948965774351
22 19 1.759686045195
23 19 1.654220886382
24 19 1.585196858049
25 19 1.535565226204
26 19 1.497707331014
27 19 1.46800781064
28 19 1.444857528447
29 19 1.424070011079
30 19 1.402782278371
0 20 1.347898943266
1 20 1.338121002841
2 20 1.325764690025
3 20 1.312934745518
4 20 1.29949996479
5 20 1.292794817395
6 20 1.287253815007
7 20 1.28160342503
8 20 1.277165616755
9 20 1.271631511707
10 20 1.266762357493
11 20 1.262504505939
12 20 1.258319363492
13 20 1.250831579638
14 20 1.250008110172
15 20 1.247341677297
16 20 1.243559987735
17 20 1.240232065137
18 20 1.237334700922
19 20 1.234325099836
20 20 1.231074573339
21 20 1.227126364565
22 20 1.223551406901
23 20 1.22012870731
24 20 1.216833677089
25 20 1.213571754337
26 20 1.210964417829
27 20 1.208020496771
28 20 1.205359372157
29 20 1.202267820615
30 20 1.199546502876
0 21 1.195254362081
1 21 1.193216597734
2 21 1.187921821847
3 21 1.183226980009
4 21 1.179770243678
5 21 1.177438198372
6 21 1.175870334426
7 21 1.174300402148
8 21 1.172515499678
9 21 1.170146878508
10 21 1.168027093779
11 21 1.166171173493
12 21 1.164628437498
13 21 1.162970423613
14 21 1.16108179871
15 21 1.159415040882
16 21 1.157837257042
17 21 1.156238805819
18 21 1.154606036874
19 21 1.152973188432
20 21 1.151229447265
21 21 1.149228276795
22 21 1.147667352443
23 21 1.14628476825
24 21 1.144635735484
25 21 1.142915610377
26 21 1.141177825937
27 21 1.139765540459
28 21 1.138367174911
29 21 1.13667628385
30 21 1.134984458279
0 22 1.140164369353
1 22 1.137724226483
2 22 1.13106824171
3 22 1.126473286249
4 22 1.123634703576
5 22 1.121915573609
6 22 1.120721266321
7 22 1.119549911081
8 22 1.118750460153
9 22 1.117879546456
10 22 1.117507749118
11 22 1.116950516592
12 22 1.116173578386
13 22 1.115396357689
14 22 1.114475766521
15 22 1.113457265722
16 22 1.112279475366
17 22 1.111292210582
18 22 1.110389827729
19 22 1.109534808511
20 22 1.10840659901
21 22 1.107054255148
22 22 1.105555955662
23 22 1.104569197762
24 22 1.103558856446
25 22 1.102311457892
26 22 1.101323491907
27 22 1.100583649991
28 22 1.099685955874
29 22 1.099646568357
30 22 1.09888798815
0 23 1.106370809765
1 23 1.104227508726
2 23 1.097257681352
3 23 1.091649711441
4 23 1.087476056108
5 23 1.085980937621
6 23 1.085403978316
7 23 1.084317566667
8 23 1.083655075686
9 23 1.083079187942
10 23 1.08223568867
11 23 1.081757980348
12 23 1.081026487157
13 23 1.080363841848
14 23 1.079799718748
15 23 1.079092550993
16 23 1.078639219579
17 23 1.078021442565
18 23 1.077239730161
19 23 1.076387753414
20 23 1.075664935085
21 23 1.074516050763
22 23 1.073719263827
23 23 1.072577214068
24 23 1.071605714414
25 23 1.070718674022
26 23 1.070133873238
27 23 1.069295762829
28 23 1.068473533427
29 23 1.067449869885
30 23 1.066592120342
0 24 1.074681126757
1 24 1.072717638701
2 24 1.068315576148
3 24 1.063986366788
4 24 1.061806169711
5 24 1.061351472403
6 24 1.060789930861
7 24 1.060576760834
8 24 1.060249966552
9 24 1.060328393802
10 24 1.058801232303
11 24 1.058204630875
12 24 1.057691959003
13 24 1.057175845344
14 24 1.056605793762
15 24 1.055997378713
16 24 1.055486842804
17 24 1.05479435679
18 24 1.054349560961
19 24 1.053800637379
20 24 1.053474094194
21 24 1.052984051504
22 24 1.05289889388
23 24 1.051782666441
24 24 1.050840882874
25 24 1.049378033639
26 24 1.049220586487
27 24 1.048747271384
28 24 1.048173400623
29 24 1.047500767918
30 24 1.046729493697
0 25 1.055841814383
1 25 1.054939225454
2 25 1.050563627386
3 25 1.046967771939
4 25 1.045431828809
5 25 1.044498781592
6 25 1.04388782799
7 25 1.043201559755
8 25 1.043021974387
9 25 1.042064160387
10 25 1.04142573365
11 25 1.04108157469
12 25 1.04069865173
13 25 1.040235517247
14 25 1.039825618273
15 25 1.03918237131
16 25 1.038748175884
17 25 1.038384526844
18 25 1.037909649965
19 25 1.037308837565
20 25 1.036697461024
21 25 1.036127956277
22 25 1.035471863789
23 25 1.034973580821
24 25 1.033974481214
25 25 1.03357199331
26 25 1.033451445351
27 25 1.033465075524
28 25 1.032426906756
29 25 1.032648764242
30 25 1.030620824391
0 26 1.040248141782
1 26 1.038946441025
2 26 1.034083897689
3 26 1.031909136568
4 26 1.029320891817
5 26 1.029187815455
6 26 1.029174297872
7 26 1.028939158828
8 26 1.028611918095
9 26 1.027984931699
10 26 1.027601775148
11 26 1.027373435665
12 26 1.026870612298
13 26 1.026673264754
14 26 1.026155130614
15 26 1.025547060987
16 26 1.024965324447
17 26 1.02447460064
18 26 1.02402698906
19 26 1.02311225193
20 26 1.022594119685
21 26 1.022021845376
22 26 1.02133490807
23 26 1.021066994588
24 26 1.019945768026
25 26 1.019334246592
26 26 1.018857302048
27 26 1.018518262542
28 26 1.018059009415
29 26 1.017366593082
30 26 1.016777359022
0 27 1.038373231094
1 27 1.042766537086
2 27 1.040654660981
3 27 1.044094341382
4 27 1.046416285825
5 27 1.048657770487
6 27 1.050634215344
7 27 1.053049737344
8 27 1.055029801829
9 27 1.056699208809
10 27 1.057966487652
11 27 1.058467741935
12 27 1.058900268537
13 27 1.058914685059
14 27 1.059110201173
15 27 1.058483267068
16 27 1.058218921811
17 27 1.057874127386
18 27 1.057439669668
19 27 1.056861514856
20 27 1.056104973213
21 27 1.055341823709
22 27 1.05461981483
23 27 1.054062779578
24 27 1.053707628346
25 27 1.051493436127
26 27 1.050283944264
27 27 1.04901838105
28 27 1.047574707416
29 27 1.045666965229
30 27 1.043800347834
0 28 1.057916974575
1 28 1.055275745562
2 28 1.045608548656
3 28 1.044157676759
4 28 1.041947982285
5 28 1.039948739441
6 28 1.038404603079
7 28 1.03703621765
8 28 1.03587092772
9 28 1.034754394392
10 28 1.033738416038
11 28 1.032914153816
12 28 1.032113473504
13 28 1.031667779394
14 28 1.031033418543
15 28 1.030391141384
16 28 1.030055549424
17 28 1.029886572707
18 28 1.02988531001
19 28 1.029881673462
20 28 1.029908746162
21 28 1.030176468739
22 28 1.030621987731
23 28 1.031386971873
24 28 1.032580623035
25 28 1.033917312808
26 28 1.035089331167
27 28 1.036119265616
28 28 1.036659948781
29 28 1.036224125607
30 28 1.034781774871
0 29 1.044569803875
1 29 1.0425592546
2 29 1.032295512582
3 29 1.029856975915
4 29 1.028732397899
5 29 1.027939392693
6 29 1.026697709442
7 29 1.025547060987
8 29 1.024824919643
9 29 1.024099000138
10 29 1.023623674602
11 29 1.023339847947
12 29 1.023378796205
13 29 1.023576126403
14 29 1.024595412886
15 29 1.025861429276
16 29 1.02786085368
17 29 1.029701645909
18 29 1.032239798153
19 29 1.03475189606
20 29 1.036595012448
21 29 1.037670502852
22 29 1.037858251989
23 29 1.037242487882
24 29 1.035378386427
25 29 1.032290641135
26 29 1.029298693217
27 29 1.026520097846
28 29 1.023627267091
29 29 1.02099789125
30 29 1.018663022246
0 30 1.037581549587
1 30 1.037069915994
2 30 1.0300173038
3 30 1.030175205331
4 30 1.02956731012
5 30 1.029792889035
6 30 1.029853289062
7 30 1.030391141384
8 30 1.029954358799
9 30 1.030425723823
10 30 1.030396096035
11 30 1.030705957505
12 30 1.030813468903
13 30 1.030776381261
14 30 1.030476337687
15 30 1.030207246301
16 30 1.029186604911
17 30 1.028238061201
18 30 1.026602196049
19 30 1.024596662645
20 30 1.022742481041
21 30 1.0204588887
22 30 1.018568899056
23 30 1.016729214073
24 30 1.014717805287
25 30 1.012617698725
26 30 1.010763816407
27 30 1.009444701105
28 30 1.008385590516
29 30 1.00732154879
30 30 1.006076173093
