0 0 0.7457676884643
1 0 0.7475734566568
2 0 0.7469041888379
3 0 0.7463423361411
4 0 0.7457644573986
5 0 0.7447648880097
6 0 0.74456053325
7 0 0.7452411032407
8 0 0.7447764571197
9 0 0.7443723852591
10 0 0.7456972205095
11 0 0.7456900976581
12 0 0.7470703104155
13 0 0.7494957499665
14 0 0.7540048428654
15 0 0.7599289603933
16 0 0.7662886978073
17 0 0.7714210681779
18 0 0.7752087646432
19 0 0.7764144515131
20 0 0.7750425092363
21 0 0.7720962929083
22 0 0.7685887301834
23 0 0.7642923488112
24 0 0.7607334600788
25 0 0.757795824545
26 0 0.7554458200553
27 0 0.7535946464636
28 0 0.7521283890323
29 0 0.7510513646174
30 0 0.749963037536
0 1 0.7718973494148
1 1 0.7729711852906
2 1 0.7695086943489
3 1 0.7658643326039
4 1 0.7619126954719
5 1 0.761447271952
6 1 0.7609595569563
7 1 0.7634017078314
8 1 0.7655678216533
9 1 0.7668154410339
10 1 0.7694515990212
11 1 0.7713767789877
12 1 0.7737839920084
13 1 0.7762721835025
14 1 0.7775564045896
15 1 0.7781781936906
16 1 0.7776575864775
17 1 0.776298096103
18 1 0.7740869598232
19 1 0.7714971622497
20 1 0.7682832199262
21 1 0.7648863269649
22 1 0.7632547362682
23 1 0.7606399401456
24 1 0.7583230011824
25 1 0.7561869596639
26 1 0.755006230599
27 1 0.7542150655752
28 1 0.7534645916491
29 1 0.7526390751571
30 1 0.7516913054372
0 2 0.7807960751389
1 2 0.7809641113521
2 2 0.7805729226836
3 2 0.7751095921916
4 2 0.7694055060124
5 2 0.7660778397831
6 2 0.7652613334657
7 2 0.7503450783419
8 2 0.7569336473767
9 2 0.7647918111046
10 2 0.7672381141389
11 2 0.7710124292711
12 2 0.7741085605422
13 2 0.7781768095529
14 2 0.7815672790978
15 2 0.7842059429367
16 2 0.7861899225951
17 2 0.7877660679895
18 2 0.7878130572136
19 2 0.7860599381932
20 2 0.7826012682314
21 2 0.7790430013188
22 2 0.775279997909
23 2 0.7724927827103
24 2 0.7703626096804
25 2 0.7675859422117
26 2 0.7654901302077
27 2 0.7638375723409
28 2 0.7629148958262
29 2 0.7617480594468
30 2 0.7609764052018
0 3 0.7841573333274
1 3 0.7826981079727
2 3 0.7806401829404
3 3 0.7765180928716
4 3 0.7725962323793
5 3 0.7696733172916
6 3 0.7687377070604
7 3 0.7661515695892
8 3 0.7655269647031
9 3 0.7660751010417
10 3 0.7666767247351
11 3 0.768894427207
12 3 0.7726801777032
13 3 0.7754288601624
14 3 0.7792110065558
15 3 0.7829481352785
16 3 0.786540067175
17 3 0.7887789063994
18 3 0.7901969818088
19 3 0.7897914416545
20 3 0.7877285988394
21 3 0.7846802319694
22 3 0.7811478230749
23 3 0.7772170300835
24 3 0.7740660450843
25 3 0.7713657287349
26 3 0.7693277101583
27 3 0.7680787636243
28 3 0.7666759690018
29 3 0.7658438877562
30 3 0.7646680537745
0 4 0.7907418438744
1 4 0.7897167150763
2 4 0.7881435586228
3 4 0.7850575877124
4 4 0.7788497057432
5 4 0.7764151117444
6 4 0.7761236857316
7 4 0.7765602463575
8 4 0.778127560526
9 4 0.7799917989434
10 4 0.7822304070839
11 4 0.7846008117331
12 4 0.7866479619262
13 4 0.7889829723949
14 4 0.7904983602805
15 4 0.7914818462332
16 4 0.7924108174642
17 4 0.7902754275447
18 4 0.7890184265109
19 4 0.7869286504533
20 4 0.7839493464196
21 4 0.7804276765966
22 4 0.777151738877
23 4 0.7747026101133
24 4 0.7723201630434
25 4 0.7707643927404
26 4 0.7691185849742
27 4 0.7681219725021
28 4 0.7665940227569
29 4 0.7656830204285
30 4 0.7650502878483
0 5 0.796597542231
1 5 0.7944571706815
2 5 0.7910123817168
3 5 0.7871987390426
4 5 0.7832725799768
5 5 0.7835858028133
6 5 0.7833631570878
7 5 0.7843567882158
8 5 0.7855703446447
9 5 0.7876016202991
10 5 0.7896261176735
11 5 0.7917739960306
12 5 0.7934552785935
13 5 0.7948462772977
14 5 0.7962339499142
15 5 0.7962568345378
16 5 0.7959259808546
17 5 0.7955637546609
18 5 0.7942231986545
19 5 0.7930975736237
20 5 0.7901897268111
21 5 0.7869120783135
22 5 0.7843682138143
23 5 0.7819723353082
24 5 0.7795746974554
25 5 0.7772998822946
26 5 0.7755428929508
27 5 0.7742729880821
28 5 0.7732734029262
29 5 0.7719382649357
30 5 0.7711872685061
0 6 0.7963408366084
1 6 0.7949461713556
2 6 0.7931392398236
3 6 0.7875749180641
4 6 0.7818343397279
5 6 0.7809286223058
6 6 0.7801275798355
7 6 0.7807975266714
8 6 0.7831028773437
9 6 0.784621508112
10 6 0.7859550873825
11 6 0.7883697590821
12 6 0.7900416825992
13 6 0.791631146931
14 6 0.7931933435215
15 6 0.7917324432954
16 6 0.794175441675
17 6 0.7945680001889
18 6 0.7944930884398
19 6 0.7942487915505
20 6 0.7929534980351
21 6 0.7913675218925
22 6 0.7895826228656
23 6 0.7872614499399
24 6 0.7851529814502
25 6 0.7829538859176
26 6 0.7805345970659
27 6 0.7789844535476
28 6 0.7770056643713
29 6 0.7755078948919
30 6 0.773937899223
0 7 0.7954614756113
1 7 0.7940544830274
2 7 0.7910429230437
3 7 0.7849774161997
4 7 0.7809364342658
5 7 0.7791869518095
6 7 0.7777265054378
7 7 0.7779719826357
8 7 0.7785163302698
9 7 0.7794899418701
10 7 0.78074649403
11 7 0.7826261175901
12 7 0.7837964637343
13 7 0.7848986398716
14 7 0.7867076968447
15 7 0.7883725707613
16 7 0.7891544623303
17 7 0.7895340865363
18 7 0.7896478817207
19 7 0.7902187476011
20 7 0.7904373640495
21 7 0.7896993719784
22 7 0.7902202938506
23 7 0.789206659401
24 7 0.7856355885439
25 7 0.7824253845621
26 7 0.779664421295
27 7 0.7775774219954
28 7 0.776843608952
29 7 0.7760326527933
30 7 0.7740040778958
0 8 0.8691239975069
1 8 0.847553874762
2 8 0.8328082675494
3 8 0.8202827647498
4 8 0.8093435553167
5 8 0.8025404916073
6 8 0.7980771660812
7 8 0.795378412074
8 8 0.7936625816098
9 8 0.7922005217961
10 8 0.7918155531277
11 8 0.7921961885178
12 8 0.7926064462909
13 8 0.7937218266548
14 8 0.7948087633343
15 8 0.7961587237197
16 8 0.796983485819
17 8 0.7979550464045
18 8 124.4425418562
19 8 -183.5959148335
20 8 -90.03944628142
21 8 2.297192120193
22 8 1.360567753261
23 8 1.194714786592
24 8 1.107323654094
25 8 1.045304856442
26 8 0.9965876364762
27 8 0.9683645001448
28 8 0.9460760953331
29 8 0.9292666148224
30 8 0.9142688370074
0 9 1.0115102643
1 9 0.9711711093429
2 9 0.9420598641361
3 9 0.9194308040317
4 9 0.9016091533766
5 9 0.8877404814986
6 9 0.8795551059493
7 9 0.8730930556299
8 9 0.868449215199
9 9 0.8640784089436
10 9 0.8605857269398
11 9 0.8589143241142
12 9 0.8571169337287
13 9 0.8559364758185
14 9 0.8555236128387
15 9 10.12962348575
16 9 -101.9131327398
17 9 72.03909788251
18 9 -104.3994214482
19 9 -345.5792920989
20 9 -196.8749938477
21 9 -101.4683043458
22 9 -106.7312177071
23 9 2.706276938732
24 9 1.659835914945
25 9 1.438555394453
26 9 1.321152475277
27 9 1.253512970099
28 9 1.197674116865
29 9 1.148662027531
30 9 1.107838532639
0 10 1.16773059899
1 10 1.110117585241
2 10 1.069238541772
3 10 1.025978909684
4 10 1.006577745908
5 10 0.9887438574288
6 10 0.9815262733551
7 10 0.9715770231102
8 10 0.9628868558424
9 10 0.9586885141127
10 10 0.952712349375
11 10 0.9461946843323
12 10 0.9406351284847
13 10 0.9381922518544
14 10 -121.4896716423
15 10 118.6409375527
16 10 -132.0864290566
17 10 -125.9181456502
18 10 94.35573008869
19 10 -532.9286729787
20 10 312.4398134913
21 10 37.21002097759
22 10 18.18607734539
23 10 -93.09955827363
24 10 -106.9435329489
25 10 2.068073291336
26 10 1.645423724033
27 10 1.47280879365
28 10 1.38385611903
29 10 1.32421140846
30 10 1.256519691758
0 11 1.277017898075
1 11 1.210226761917
2 11 1.16405001158
3 11 1.120166680802
4 11 1.098725107402
5 11 1.079611309083
6 11 1.065521937549
7 11 1.053219956713
8 11 1.040926658687
9 11 1.033276421124
10 11 1.025506745612
11 11 1.018245751673
12 11 1.010382643936
13 11 1.006861666365
14 11 -136.9442533203
15 11 -653.1107212697
16 11 34.51770992747
17 11 29.17334249988
18 11 30.88609424645
19 11 34.34268333057
20 11 118.7392134613
21 11 132.0053511198
22 11 18.4886367078
23 11 139.8385424189
24 11 30.10664634325
25 11 2.599369051437
26 11 1.86644767014
27 11 1.632166425015
28 11 1.502618419927
29 11 1.434264189005
30 11 1.353178839402
0 12 1.373213906446
1 12 1.294460240284
2 12 1.243721869676
3 12 1.186854736045
4 12 1.169287820197
5 12 1.146623935087
6 12 1.126132587741
7 12 1.112247781264
8 12 1.09693854898
9 12 1.087264411159
10 12 1.075463149486
11 12 1.069302405442
12 12 1.063226215149
13 12 10,363.21489034
14 12 51.04728984469
15 12 65.32595614569
16 12 20.08187283929
17 12 3.450690892401
18 12 204.5533577434
19 12 27.40892328039
20 12 4.565753371048
21 12 -189.9617516536
22 12 512.2971190581
23 12 464.693063593
24 12 21.51335159578
25 12 3.224869208519
26 12 2.01162055721
27 12 1.733153602554
28 12 1.559310606505
29 12 1.471483593904
30 12 1.408040851959
0 13 1.421624520126
1 13 1.339323297337
2 13 1.285061448273
3 13 1.22883557472
4 13 1.200896417709
5 13 1.179825257767
6 13 1.163478477089
7 13 1.149858230693
8 13 1.136689819595
9 13 1.126238822482
10 13 1.116761985847
11 13 1.107366337983
12 13 1.101406669395
13 13 -414.3289144168
14 13 -531.6111696671
15 13 17.16860023258
16 13 71.22779626083
17 13 6.323911849005
18 13 29.65819104298
19 13 6.677795477822
20 13 27.27334712153
21 13 -297.5257334966
22 13 124.2448134003
23 13 31.94603031554
24 13 16.74675536599
25 13 2.726721008918
26 13 1.971416710742
27 13 1.731468525241
28 13 1.595804947953
29 13 1.508323142575
30 13 1.444622163545
0 14 1.491971382284
1 14 1.405856987658
2 14 1.342282737157
3 14 1.295429158408
4 14 1.261375125935
5 14 1.239399299751
6 14 1.220681128444
7 14 1.207230413376
8 14 1.193004629881
9 14 1.182729047026
10 14 1.171477534408
11 14 1.162333873431
12 14 1.154509933623
13 14 187.2734325883
14 14 -307.3050672864
15 14 60.09129928635
16 14 2,450.560810842
17 14 58.60907764746
18 14 165.8913877486
19 14 84.40260040393
20 14 28.71367415991
21 14 -248.0954333818
22 14 -103.3706155046
23 14 49.25820890397
24 14 18.25632612127
25 14 2.26424139099
26 14 1.903261909956
27 14 1.707175780086
28 14 1.6019093539
29 14 1.507495482897
30 14 1.442074345662
0 15 1.493977031597
1 15 1.407062044401
2 15 1.350432032145
3 15 1.310560207074
4 15 1.285481980756
5 15 1.266393081538
6 15 1.253138664806
7 15 1.238861967238
8 15 1.222692188872
9 15 1.21126462256
10 15 1.199590014407
11 15 1.189539933535
12 15 1.182755159431
13 15 -280.6351934386
14 15 -144.005829356
15 15 65.56496912405
16 15 -410.5713119357
17 15 -210.7170279025
18 15 10.72462184217
19 15 19.7213541696
20 15 -139.8612762621
21 15 360.7998210433
22 15 80.93975838788
23 15 -297.1146222797
24 15 4.446559218598
25 15 2.217753624681
26 15 1.88726367527
27 15 1.726619982699
28 15 1.617671878985
29 15 1.544706907311
30 15 1.489055231328
0 16 1.519994771218
1 16 1.445620108383
2 16 1.385041551247
3 16 1.337725574771
4 16 1.307663199014
5 16 1.285462780986
6 16 1.27473354882
7 16 1.259059759353
8 16 1.24411223883
9 16 1.232533315522
10 16 1.221849887712
11 16 1.209707592361
12 16 1.201799127631
13 16 2.325525768154
14 16 29.24674751099
15 16 -181.6571910816
16 16 -2,108.203017943
17 16 -733.913660999
18 16 -92.36972009732
19 16 178.7503765462
20 16 171.9262171271
21 16 -133.0055485481
22 16 -92.90849376086
23 16 -101.1818424655
24 16 2.494408367909
25 16 1.982914828143
26 16 1.772040791029
27 16 1.656923038686
28 16 1.57936976077
29 16 1.519957255907
30 16 1.475631111616
0 17 1.492036150473
1 17 1.427470819438
2 17 1.380334013225
3 17 1.337998147064
4 17 1.310825829636
5 17 1.290043566614
6 17 1.2676005583
7 17 1.253429023686
8 17 1.244991060075
9 17 1.233592268267
10 17 1.224256651765
11 17 1.212579437667
12 17 1.205322220798
13 17 1.198851021181
14 17 -184.2645449219
15 17 -96.66743617015
16 17 -186.2999455738
17 17 50.25396198647
18 17 -112.9839546644
19 17 18.6972187531
20 17 -95.98782325899
21 17 -166.9215664969
22 17 -129.8530891617
23 17 3.107478353824
24 17 2.228885055442
25 17 1.9498804584
26 17 1.785793006386
27 17 1.678610513361
28 17 1.600770443192
29 17 1.542499157134
30 17 1.494311901746
0 18 1.48735082491
1 18 1.429090762099
2 18 1.394033999162
3 18 1.359924564337
4 18 1.330738604283
5 18 1.30736304376
6 18 1.289855934148
7 18 1.272368927369
8 18 1.25899159809
9 18 1.24829919235
10 18 1.237050000972
11 18 1.228819827394
12 18 1.219969577444
13 18 1.215593775882
14 18 1.207218476651
15 18 2.713448412403
16 18 -118.5265055745
17 18 -93.2206399375
18 18 90.3325852218
19 18 108.4811212113
20 18 -110.5587211325
21 18 3.299956421718
22 18 2.032017434323
23 18 1.79378126785
24 18 1.661153351428
25 18 1.569181514175
26 18 1.501763069844
27 18 1.454847861363
28 18 1.416080061121
29 18 1.383230816169
30 18 1.352249370238
0 19 1.317634988254
1 19 1.294768150183
2 19 1.269761878532
3 19 1.246230227741
4 19 1.231384688564
5 19 1.217553644834
6 19 1.210996819922
7 19 1.201691638487
8 19 1.194595241552
9 19 1.187010308789
10 19 1.182308077056
11 19 1.178163976189
12 19 1.172034650479
13 19 1.165535902585
14 19 1.159929474079
15 19 1.152526700751
16 19 3.699333466427
17 19 23.84593888331
18 19 3.370032451808
19 19 -143.7891804119
20 19 2.164969880114
21 19 1.646661687475
22 19 1.493240420596
23 19 1.414836255947
24 19 1.363012652587
25 19 1.323742712324
26 19 1.292767678937
27 19 1.268975028928
28 19 1.246745030727
29 19 1.229041045991
30 19 1.215396152299
0 20 1.167036617274
1 20 1.163646938215
2 20 1.15223808531
3 20 1.144192688151
4 20 1.137688107248
5 20 1.131169377586
6 20 1.125076525294
7 20 1.120475978196
8 20 1.118619534005
9 20 1.113752826744
10 20 1.110038778412
11 20 1.106336653818
12 20 1.103018225538
13 20 1.100818862458
14 20 1.097711308512
15 20 1.094929215955
16 20 1.093081398545
17 20 1.091770313361
18 20 1.090207959764
19 20 1.0873688439
20 20 1.085488920492
21 20 1.085952128438
22 20 1.082629366476
23 20 1.080564746359
24 20 1.07451737029
25 20 1.072045161485
26 20 1.07041484488
27 20 1.068254601697
28 20 1.065738452457
29 20 1.063540411573
30 20 1.06143397911
0 21 1.061238837662
1 21 1.060523146978
2 21 1.056516222278
3 21 1.051210679339
4 21 1.048173400623
5 21 1.046226574613
6 21 1.045647960904
7 21 1.045560237563
8 21 1.042604752361
9 21 1.040727637117
10 21 1.039426023011
11 21 1.038341912345
12 21 1.037136192379
13 21 1.035878490072
14 21 1.034890087281
15 21 1.033801773531
16 21 1.032653689849
17 21 1.031089053443
18 21 1.029933446191
19 21 1.028675858065
20 21 1.027590662489
21 21 1.026327750436
22 21 1.024947065145
23 21 1.026288577393
24 21 1.022986955309
25 21 1.021217346515
26 21 1.02057265498
27 21 1.01835067924
28 21 1.016622258025
29 21 1.014813571981
30 21 1.013541248933
0 22 1.014080165065
1 22 1.014009604989
2 22 1.00777474219
3 22 1.000852726523
4 22 0.9997196976391
5 22 0.9985811113437
6 22 0.9982844719037
7 22 0.9979833133388
8 22 0.9978443710601
9 22 0.9977760522059
10 22 0.9974763847466
11 22 0.9971387814907
12 22 0.9963556158303
13 22 0.9959541496856
14 22 0.9959853254368
15 22 0.9950427915783
16 22 0.9941790814779
17 22 0.993545220572
18 22 0.9928834370447
19 22 0.992618745208
20 22 0.9916289048871
21 22 0.9904767079497
22 22 0.9896983710413
23 22 0.988366688748
24 22 0.987440787643
25 22 0.9866060708878
26 22 0.9861513822203
27 22 0.9870135803199
28 22 0.9862089943106
29 22 0.9839076285029
30 22 0.9825555680792
0 23 0.9877253954076
1 23 0.9851664426977
2 23 0.9789213070334
3 23 0.9723325999785
4 23 0.9697827247985
5 23 0.9677554483825
6 23 0.9669340776577
7 23 0.9663159737276
8 23 0.9653940704117
9 23 0.9645248229419
10 23 0.9638093269389
11 23 0.9631478092034
12 23 0.9627930902632
13 23 0.9625485204667
14 23 0.9618596099027
15 23 0.9614468071313
16 23 0.9609816729812
17 23 0.9619253017365
18 23 0.9610074873009
19 23 0.9597732083331
20 23 0.9587504906177
21 23 0.9578355325237
22 23 0.9571682696348
23 23 0.9566923591715
24 23 0.955699635619
25 23 0.9549939978627
26 23 0.9543370620343
27 23 0.9536323948743
28 23 0.9524117491872
29 23 0.9521112522956
30 23 0.9512236518409
0 24 0.9586115798544
1 24 0.9572460196115
2 24 0.9522504012262
3 24 0.9472575990358
4 24 0.9457546649349
5 24 0.9448072829345
6 24 0.9449286578863
7 24 0.9450657151445
8 24 0.9447875172874
9 24 0.9449255540402
10 24 0.9448663722733
11 24 0.9444627990046
12 24 0.9441714989514
13 24 0.9438378713058
14 24 0.9431041861116
15 24 0.9430421407811
16 24 0.9423705411738
17 24 0.942048538378
18 24 0.9416061172831
19 24 0.9414711167645
20 24 0.9405415181227
21 24 0.9403173418787
22 24 0.9397410306417
23 24 0.9402896378649
24 24 0.9366037037057
25 24 0.9368434149656
26 24 0.9375305953065
27 24 0.937673720801
28 24 0.936919946169
29 24 0.9361133820528
30 24 0.9357294661744
0 25 0.9433482538085
1 25 0.942338529732
2 25 0.9378720504929
3 25 0.9332218444303
4 25 0.9325227017101
5 25 0.9310762390053
6 25 0.9309432090508
7 25 0.9306631985724
8 25 0.9305091347196
9 25 0.9305262870574
10 25 0.9302434779412
11 25 0.9300312676512
12 25 0.9296593608574
13 25 0.9296170960302
14 25 0.9294493503879
15 25 0.9292043621278
16 25 0.9288952781157
17 25 0.9285202557357
18 25 0.9282687813749
19 25 0.9279833238745
20 25 0.9273660419752
21 25 0.9269243722405
22 25 0.9264082055416
23 25 0.9256475378371
24 25 0.9254851778921
25 25 0.9254632758985
26 25 0.9251765655419
27 25 0.9260650806788
28 25 0.9262226193708
29 25 0.9256176315878
30 25 0.9242589588751
0 26 0.9320377180574
1 26 0.9301569918971
2 26 0.925656473367
3 26 0.9217778443409
4 26 0.9210819607677
5 26 0.9204333575568
6 26 0.9202177357859
7 26 0.9200868228977
8 26 0.9200621926992
9 26 0.9197877217537
10 26 0.9194888150097
11 26 0.9191439163593
12 26 0.9188719630242
13 26 0.9186481908143
14 26 0.9184794790909
15 26 0.9180794634499
16 26 0.9177905303072
17 26 0.9175692489512
18 26 0.9172952614449
19 26 0.9168504005763
20 26 0.9164234871485
21 26 0.9161599356978
22 26 0.9157025191238
23 26 0.9153000510476
24 26 0.9148318153587
25 26 0.91431644527
26 26 0.9137861082581
27 26 0.9133262122883
28 26 0.9127369177092
29 26 0.9123554828915
30 26 0.9121580900278
0 27 0.9229410174765
1 27 0.9217185732481
2 27 0.916839592801
3 27 0.9140084725103
4 27 0.9139531000179
5 27 0.9131506742096
6 27 0.9130498299119
7 27 0.9123854896471
8 27 0.91216098234
9 27 0.91156262496
10 27 0.910948613302
11 27 0.9103431629587
12 27 0.9107865886935
13 27 0.910599508363
14 27 0.9103711036767
15 27 0.9097452167546
16 27 0.9094230256556
17 27 0.9087648159498
18 27 0.9079436770543
19 27 0.9070934578822
20 27 0.9067616308047
21 27 0.9065991742436
22 27 0.9059307793822
23 27 0.9055111608347
24 27 0.9051413970944
25 27 0.9048509966783
26 27 0.9043943228154
27 27 0.9041538377283
28 27 0.9038431410357
29 27 0.9033115919138
30 27 0.9029247150402
0 28 0.9223293295456
1 28 0.9240683773637
2 28 0.9221345218623
3 28 0.9228676856474
4 28 0.9243553776685
5 28 0.9264919929253
6 28 0.9284601144146
7 28 0.9304236298537
8 28 0.9322599085577
9 28 0.9327836128575
10 28 0.9343470791509
11 28 0.9346577641553
12 28 0.9347847424434
13 28 0.9350255633763
14 28 0.9347004053751
15 28 0.9338976565573
16 28 0.9328028794292
17 28 0.9314139582405
18 28 0.9300795018671
19 28 0.9284972656419
20 28 0.9270002734651
21 28 0.9251656420971
22 28 0.9231559289931
23 28 0.9215852512656
24 28 0.9198438035138
25 28 0.9188581725784
26 28 0.9176700915717
27 28 0.9163541862528
28 28 0.9154998040394
29 28 0.9144894451152
30 28 0.9127194628516
0 29 0.9365649402534
1 29 0.9353509476842
2 29 0.9303179042472
3 29 0.9276910749846
4 29 0.9260890123243
5 29 0.9251258226186
6 29 0.9242212511738
7 29 0.9232877167649
8 29 0.9225005123172
9 29 0.92174130979
10 29 0.9210996965415
11 29 0.9204599845363
12 29 0.9202236231044
13 29 0.9200927085413
14 29 0.9201133895163
15 29 0.9201606810872
16 29 0.920241366164
17 29 0.9205338219468
18 29 0.9211095949355
19 29 0.9218232434658
20 29 0.9228568166555
21 29 0.9236267956624
22 29 0.9244348060622
23 29 0.9250631454711
24 29 0.9253746180847
25 29 0.9251765655419
26 29 0.9244238594326
27 29 0.9233154834467
28 29 0.9217284849479
29 29 0.9199933077058
30 29 0.9179648474541
0 30 0.9285874261745
1 30 0.924695200647
2 30 0.9187640226359
3 30 0.9166032064439
4 30 0.9146839440301
5 30 0.9135706482454
6 30 0.9122983684847
7 30 0.9113984041414
8 30 0.9104520151468
9 30 0.909782737817
10 30 0.9090116558669
11 30 0.9083070911881
12 30 0.9076428847087
13 30 0.9071881702663
14 30 0.9068285485173
15 30 0.9062973162724
16 30 0.9060967887412
17 30 0.9060853729171
18 30 0.9061913713062
19 30 0.9064606428386
20 30 0.9071202590494
21 30 0.9082016185104
22 30 0.909887671334
23 30 0.9130857184002
24 30 0.9164488827724
25 30 0.9199903655104
26 30 0.9229082844071
27 30 0.9245768916007
28 30 0.9252233599337
29 30 0.9243225442004
30 30 0.9221375587725
