0 0 0.5043068471822
1 0 0.5047276692456
2 0 0.5047661947023
3 0 0.5051364087463
4 0 0.5046191340362
5 0 0.504703651101
6 0 0.505223097966
7 0 0.5055956328522
8 0 0.5061102774127
9 0 0.5070477898981
10 0 0.5076686164902
11 0 0.5081834611128
12 0 0.5086285332157
13 0 0.5091655181258
14 0 0.5094134346877
15 0 0.5096384632831
16 0 0.5099016699145
17 0 0.5091413775157
18 0 0.5091651752033
19 0 0.5088615958384
20 0 0.5087418813275
21 0 0.5086422489501
22 0 0.5086766784285
23 0 0.5087726264175
24 0 0.5085697637839
25 0 0.5085948082481
26 0 0.5084137772602
27 0 0.5079154183772
28 0 0.5082615357889
29 0 0.5079780779238
30 0 0.5068008110315
0 1 0.4998754675323
1 1 0.5000679457399
2 1 0.5007044699954
3 1 0.4994269010249
4 1 0.4950662846606
5 1 0.49378639062
6 1 0.4926316125303
7 1 0.4936009468781
8 1 0.4947413186118
9 1 0.4955736619118
10 1 0.4964247307034
11 1 0.4974218284489
12 1 0.4984024750298
13 1 0.4991727993611
14 1 0.5000992525024
15 1 0.5013608099571
16 1 0.5022602241579
17 1 0.503181183324
18 1 0.5036637272336
19 1 0.5040936942146
20 1 0.5051077349366
21 1 0.5057855985017
22 1 0.5069840404643
23 1 0.5076253383363
24 1 0.5085152766464
25 1 0.5090111400185
26 1 0.5092569165577
27 1 0.509921480186
28 1 0.5104187126738
29 1 0.5109476619278
30 1 0.510953049092
0 2 0.5168230411853
1 2 0.5167384996976
2 2 0.5149411538055
3 2 0.5145530018178
4 2 0.5121862801447
5 2 0.5078297950136
6 2 0.5087940611619
7 2 0.5092833736224
8 2 0.5104924291002
9 2 0.5127348135544
10 2 0.5135007497926
11 2 0.5141695889092
12 2 0.5150813081735
13 2 0.5159704455405
14 2 0.5170995802465
15 2 0.5181063077387
16 2 0.5188588158807
17 2 0.5196002564021
18 2 0.5204270938641
19 2 0.5206507583526
20 2 0.5209387039817
21 2 0.5215933578701
22 2 0.5217051421909
23 2 0.5221062550871
24 2 0.5221361701295
25 2 0.5224339495603
26 2 0.5222224727416
27 2 0.5225753664276
28 2 0.5227973241739
29 2 0.5226864879708
30 2 0.5233964586386
0 3 0.5301723169431
1 3 0.5295184396812
2 3 0.5277262484586
3 3 0.5271541568894
4 3 0.5237367759928
5 3 0.5190731079044
6 3 0.5198975807268
7 3 0.5208136277251
8 3 0.5218683117502
9 3 0.5210944405923
10 3 0.5228365459426
11 3 0.5237045005391
12 3 0.5244396216965
13 3 0.5239125612666
14 3 0.5241928304066
15 3 0.5251939278579
16 3 0.5243788586758
17 3 0.52493180261
18 3 0.5248670336848
19 3 0.5258078453313
20 3 0.5250895277645
21 3 0.5246994638071
22 3 0.5250087209782
23 3 0.5253190145638
24 3 0.5245522654996
25 3 0.5244641724372
26 3 0.5248147112506
27 3 0.525033252106
28 3 0.5256396742814
29 3 0.525658591809
30 3 0.5259457088229
0 4 0.5382084884705
1 4 0.5376735633021
2 4 0.5368867318983
3 4 0.5361452991206
4 4 0.5307465998379
5 4 0.5278395716244
6 4 0.5259474944112
7 4 0.5278939291835
8 4 0.5288788858956
9 4 0.5303270467972
10 4 0.5307087604264
11 4 0.5308470442605
12 4 0.5345094275302
13 4 0.5324089137083
14 4 0.5328306869879
15 4 0.5319585647623
16 4 0.5313072068871
17 4 0.5307007580597
18 4 0.5303324932193
19 4 0.5305185720798
20 4 0.5299200723518
21 4 0.5293410376261
22 4 0.5286141496247
23 4 0.5286466338496
24 4 0.528212707065
25 4 0.5269244892394
26 4 0.5268785709091
27 4 0.5262775387253
28 4 0.5262685996967
29 4 0.5263222823941
30 4 0.5266269554648
0 5 0.5386780839819
1 5 0.5374290622073
2 5 0.5356648490718
3 5 0.5353103752214
4 5 0.5324660316253
5 5 0.5263190432422
6 5 0.5266395019138
7 5 0.5274159606618
8 5 0.5310032871632
9 5 0.5332810849544
10 5 0.5352196929583
11 5 0.5350554759106
12 5 0.5358365196233
13 5 0.5358951655224
14 5 0.5354870073002
15 5 0.5331840794055
16 5 0.5342021816195
17 5 0.535366267291
18 5 0.536212501298
19 5 0.5357853592824
20 5 0.5352419134859
21 5 0.5352604370546
22 5 0.533758728685
23 5 0.5327940367662
24 5 0.5312806224248
25 5 0.5300183907969
26 5 0.5293084680085
27 5 0.529085643429
28 5 0.5286509811538
29 5 0.5285957283927
30 5 0.5276546304458
0 6 0.5471115117473
1 6 0.5465946330133
2 6 0.546520963214
3 6 0.5458758071886
4 6 0.5415223430829
5 6 0.5370539521843
6 6 0.5380491261057
7 6 0.5392176721888
8 6 0.538607269323
9 6 0.5402525294681
10 6 0.5420368195
11 6 0.542562990056
12 6 0.544023332326
13 6 0.5450729157594
14 6 0.545691121848
15 6 0.5467312773827
16 6 0.5477219404079
17 6 0.5476789597508
18 6 0.5473231208052
19 6 0.5473676308678
20 6 0.546805067176
21 6 0.5458792757655
22 6 0.5439713483095
23 6 0.5438486615928
24 6 0.5426908161208
25 6 0.5420922592839
26 6 0.5418839446869
27 6 0.5414344609914
28 6 0.540685279972
29 6 0.5402578110274
30 6 0.5402378281273
0 7 0.5600088439915
1 7 0.5597165429585
2 7 0.5618133336853
3 7 0.5595518611317
4 7 0.5542477134203
5 7 0.5508771158709
6 7 0.550555084784
7 7 0.5520347680259
8 7 0.5528792429825
9 7 0.5541739000044
10 7 0.5545879609517
11 7 0.5564608267035
12 7 0.5569740876794
13 7 0.5572025953259
14 7 0.5582614168078
15 7 0.5580163387184
16 7 0.5617978530048
17 7 0.5620226153143
18 7 0.5624072195471
19 7 0.5639099426871
20 7 0.5606744040921
21 7 0.5616205289954
22 7 0.5564092233808
23 7 0.554528357788
24 7 0.5526807384446
25 7 0.5506157778048
26 7 0.5489952399498
27 7 0.547626639747
28 7 0.546547956836
29 7 0.5459239297465
30 7 0.5451538848272
0 8 0.5934529889464
1 8 0.5848333225031
2 8 0.5846244150044
3 8 0.5789366844517
4 8 0.5705430265514
5 8 0.5667839079672
6 8 0.5667349267401
7 8 0.567229103835
8 8 0.5657719636643
9 8 0.5658186272881
10 8 0.5649482097927
11 8 0.5647895154985
12 8 0.5652468304307
13 8 0.5650022030602
14 8 0.5650047197325
15 8 0.5636754982787
16 8 0.5631133074847
17 8 0.5627506250105
18 8 0.5642009314748
19 8 0.5655508099825
20 8 0.5658000794814
21 8 0.5675967655633
22 8 0.5674373807331
23 8 0.5692520750593
24 8 0.561340764495
25 8 0.5622981082031
26 8 0.5615688152814
27 8 0.5578498401052
28 8 0.5552152291836
29 8 0.554174289984
30 8 0.5530787317817
0 9 0.6294975770005
1 9 0.6156350387803
2 9 0.6098770458834
3 9 0.6023132653601
4 9 0.5913038907796
5 9 0.5830256613346
6 9 0.5816405618279
7 9 0.5825312740699
8 9 0.5838510506384
9 9 0.5826193369323
10 9 0.5827303153699
11 9 0.5831060299642
12 9 0.5821978139981
13 9 0.5826465297449
14 9 0.5815011560028
15 9 0.5824860857481
16 9 -108.971301687
17 9 -113.5091163135
18 9 -96.39299454477
19 9 -121.8530090376
20 9 -238.1212460469
21 9 239.1511122488
22 9 -121.451550374
23 9 3.273203091601
24 9 1.148282940319
25 9 0.9574646579024
26 9 0.8334064952527
27 9 0.7431302912646
28 9 0.7078232823676
29 9 0.69827061644
30 9 0.6851079108395
0 10 0.7310181845608
1 10 0.7111942769406
2 10 0.7061374854915
3 10 0.6948672983611
4 10 0.677417898026
5 10 0.6620328106263
6 10 0.6580842728096
7 10 0.6587730780147
8 10 0.65828909619
9 10 0.6565894658732
10 10 0.6549701473964
11 10 0.6528055891764
12 10 0.6502372918862
13 10 0.6498365867282
14 10 0.6491674479002
15 10 -232.6817382877
16 10 -91.72181946584
17 10 -196.1317831243
18 10 -2,449.785235494
19 10 -104.2321506992
20 10 -97.78099736514
21 10 -218.9287740949
22 10 31.14342696635
23 10 -193.2431756786
24 10 25.91671109531
25 10 1.449737152682
26 10 1.163660543596
27 10 1.008387651103
28 10 0.9605380476744
29 10 0.8209901375628
30 10 0.78787266377
0 11 0.7874270645681
1 11 0.7689593957297
2 11 0.7699237632896
3 11 0.7694768327014
4 11 0.742652601848
5 11 0.7260181790342
6 11 0.7204808695175
7 11 0.7173217256256
8 11 0.7154574583885
9 11 0.7080071412073
10 11 0.7035236895969
11 11 0.7007394877861
12 11 0.6978431992854
13 11 0.6949234043658
14 11 5.738647944788
15 11 -149.7643825908
16 11 -742.9291424058
17 11 -90.17264196394
18 11 148.4433709746
19 11 -83.45538499404
20 11 10.09917604617
21 11 -144.9414290918
22 11 -101.5122151152
23 11 -98.09074411068
24 11 -135.2668428332
25 11 1.751168742991
26 11 1.197798104855
27 11 1.032377149987
28 11 1.001490578305
29 11 0.9889865101717
30 11 0.9018367408288
0 12 0.8515967800089
1 12 0.8409297693276
2 12 0.8443904928064
3 12 0.8349048908596
4 12 0.8097938611884
5 12 0.7745403267085
6 12 0.7763377192307
7 12 0.7673305253096
8 12 0.760624199609
9 12 0.7566468119607
10 12 0.7526266071266
11 12 0.7464083540866
12 12 0.7446993365084
13 12 0.7392498983825
14 12 39.00303295013
15 12 -101.8594963043
16 12 349.4953675221
17 12 -109.2481191838
18 12 -142.7498053618
19 12 -125.9570738292
20 12 60.25312433172
21 12 -112.2744286435
22 12 13.54680517952
23 12 -86.6695214109
24 12 -86.40832284966
25 12 3.063843495373
26 12 1.575360494993
27 12 1.312942935888
28 12 1.160717131577
29 12 1.099379036982
30 12 0.9979710561992
0 13 0.8832467027209
1 13 0.8745407851118
2 13 0.881605099689
3 13 0.8484421502289
4 13 0.8367322815299
5 13 0.8335923056166
6 13 0.8262141938877
7 13 0.8246018972563
8 13 0.8136126960774
9 13 0.7897212225586
10 13 0.7967552416799
11 13 0.7856872884776
12 13 0.7830543070535
13 13 1.254453642296
14 13 28.29740785264
15 13 -177.6347343012
16 13 -149.5040854562
17 13 -85.87156893672
18 13 -154.8883881651
19 13 96.7060833499
20 13 -109.1864827134
21 13 -139.0823040507
22 13 -96.34500688179
23 13 -96.96043901224
24 13 -100.995716232
25 13 -80.93383774384
26 13 2.322092114077
27 13 1.758476017225
28 13 1.250714363045
29 13 0.9207824097626
30 13 0.9406726237291
0 14 0.9014292805121
1 14 0.8881634457584
2 14 0.9155129749986
3 14 0.9092931491833
4 14 0.8860449606404
5 14 0.8671388643059
6 14 0.8557833066109
7 14 0.8261357530748
8 14 0.8093451357265
9 14 0.7995663558215
10 14 0.7945839810524
11 14 0.7965929089069
12 14 0.7963789617747
13 14 11.4481032946
14 14 -235.0841705813
15 14 25.86043694123
16 14 -161.0426703431
17 14 -101.4722986262
18 14 -160.0769589037
19 14 -116.6037294438
20 14 41.06366003617
21 14 42.90247160458
22 14 4,474.752381646
23 14 -111.5464175629
24 14 -86.14869392199
25 14 24.68376215275
26 14 1.731215668803
27 14 1.39870127996
28 14 1.255189944773
29 14 1.212977784087
30 14 1.168125814443
0 15 0.9426886687874
1 15 0.9254640553433
2 15 0.9745013221508
3 15 0.9462954785101
4 15 0.9027064428738
5 15 0.893035302725
6 15 0.8869799370301
7 15 0.8897497858834
8 15 0.8458029601314
9 15 0.8351715208102
10 15 0.8472850700032
11 15 0.8096905131519
12 15 0.818774206637
13 15 14.70923118662
14 15 -82.38954439192
15 15 -117.1862211821
16 15 -199.9308175901
17 15 -146.5604245755
18 15 -103.3140467691
19 15 102.6972871941
20 15 -155.0124506164
21 15 -120.1322446259
22 15 -107.413925073
23 15 -121.8721968186
24 15 -91.67836899816
25 15 3.785542943399
26 15 1.81189083559
27 15 1.424448495372
28 15 1.191192436571
29 15 1.178147055193
30 15 1.130699262712
0 16 0.931434678486
1 16 0.9319796846181
2 16 0.9470282978569
3 16 0.9699069187001
4 16 0.9278622451527
5 16 0.9159083688438
6 16 0.9095334699655
7 16 0.9069941340994
8 16 0.9037065308193
9 16 0.8879403326647
10 16 0.8692478729298
11 16 0.867391490816
12 16 0.8632064419864
13 16 0.8680732975372
14 16 -140.26674579
15 16 385.3320677587
16 16 -89.93171185347
17 16 -95.51291445783
18 16 -87.36397106135
19 16 -91.8197359964
20 16 -130.0625201588
21 16 -98.22765605373
22 16 -116.5159798584
23 16 -93.74330404971
24 16 -125.813770457
25 16 2.640530131271
26 16 1.427100641176
27 16 1.149817860334
28 16 1.003011315931
29 16 0.9491031627934
30 16 0.9171779569817
0 17 0.9371855593689
1 17 0.932426462263
2 17 0.9513915914199
3 17 0.946672770786
4 17 0.9250791603453
5 17 0.9080058006677
6 17 0.9065798703581
7 17 0.9034428486117
8 17 0.8991155272114
9 17 0.8717056789549
10 17 0.8354328556647
11 17 0.843882384049
12 17 0.8386440058252
13 17 0.8343254375099
14 17 0.8477870559872
15 17 -98.94327534908
16 17 -111.3538769649
17 17 -91.54827311378
18 17 -80.79868430672
19 17 -85.68147806262
20 17 -80.51296556942
21 17 -91.22462543603
22 17 -86.11036606154
23 17 -86.94206139628
24 17 4.043986159297
25 17 1.845971548011
26 17 1.514935703003
27 17 1.211423221022
28 17 1.0279615327
29 17 0.9385479521033
30 17 0.9150996231194
0 18 0.9114965321415
1 18 0.9205349428246
2 18 0.9367682427437
3 18 0.9482323819552
4 18 0.9366152331102
5 18 0.8623419775436
6 18 0.8927150624978
7 18 0.8919333547397
8 18 0.8682612077017
9 18 0.872672590282
10 18 0.8521573693893
11 18 0.8527159272988
12 18 0.8477489909432
13 18 0.8288476885806
14 18 0.8468568303843
15 18 -118.6409472343
16 18 -304.297207888
17 18 1,367.72463665
18 18 -80.95076112133
19 18 -373.2556224344
20 18 -84.83640399221
21 18 -84.92947954811
22 18 -95.03218020917
23 18 2.569485900252
24 18 1.82724862763
25 18 1.372533370535
26 18 1.218875466784
27 18 0.992059899002
28 18 0.921208635478
29 18 0.8970577786372
30 18 0.8779477094344
0 19 0.8761611162942
1 19 0.8849206984637
2 19 0.9070482834759
3 19 0.9032615052456
4 19 0.8852687900877
5 19 0.8797865684335
6 19 0.8749707532924
7 19 0.8748441886299
8 19 0.8647675578012
9 19 0.8697273984424
10 19 0.870947553612
11 19 0.8668892875051
12 19 0.8661850830371
13 19 0.8596874149268
14 19 0.8186797952296
15 19 0.8100692724952
16 19 5.661385352978
17 19 8.459536336842
18 19 -1,423.037072826
19 19 63.70409803744
20 19 5.508504475135
21 19 3.301400233886
22 19 1.699913619204
23 19 1.403303063567
24 19 1.211281141942
25 19 1.155759224656
26 19 1.08716960398
27 19 1.015805503666
28 19 0.9342212356494
29 19 0.8974987564419
30 19 0.8869779389815
0 20 0.8104296898215
1 20 0.8275381580472
2 20 0.843234347139
3 20 0.8475419936878
4 20 0.8474844553863
5 20 0.8247486382156
6 20 0.836382404479
7 20 0.8202429003963
8 20 0.8132904570047
9 20 0.8041820530308
10 20 0.7895698243959
11 20 0.790360611438
12 20 0.7888674359613
13 20 0.7745410885032
14 20 0.7789029559862
15 20 0.7711470555402
16 20 0.7720799548027
17 20 0.778821430545
18 20 0.7789240783525
19 20 0.7676782906428
20 20 0.8958546246931
21 20 0.7820030399644
22 20 0.7876898660781
23 20 0.7906294100336
24 20 0.7937496873823
25 20 0.7944657098301
26 20 0.784826195256
27 20 0.7880867962937
28 20 0.777327759386
29 20 0.7766219852891
30 20 0.7641199048869
0 21 0.7461636823344
1 21 0.759180846277
2 21 0.774544230922
3 21 0.7766796869414
4 21 0.7749838811554
5 21 0.7624303682228
6 21 0.7520650452701
7 21 0.7480007601904
8 21 0.7469772616565
9 21 0.7537661386714
10 21 0.7555317516416
11 21 0.7507449952419
12 21 0.7503803415914
13 21 0.7457819814101
14 21 0.7426140840887
15 21 0.7430132576367
16 21 0.7436605885857
17 21 0.7420204533816
18 21 0.7402381679098
19 21 0.7346281965072
20 21 0.7411615892261
21 21 0.7449165358464
22 21 0.7390572601231
23 21 0.7462341825005
24 21 0.7449667445269
25 21 0.7302107384328
26 21 0.7268184709724
27 21 0.7214813317278
28 21 0.7204587332292
29 21 0.7170838589735
30 21 0.7154422648313
0 22 0.7217887713039
1 22 0.7302520432085
2 22 0.7423413934588
3 22 0.7437463329174
4 22 0.7447760755857
5 22 0.7439408380458
6 22 0.7428664188611
7 22 0.738348855067
8 22 0.7221813177195
9 22 0.7162949676905
10 22 0.7166271567491
11 22 0.7183721277088
12 22 0.7206317400992
13 22 0.7183874186569
14 22 0.7166622921196
15 22 0.7174433870738
16 22 0.7135194224706
17 22 0.7117278515376
18 22 0.7113184732004
19 22 0.7133326630271
20 22 0.711614684971
21 22 0.7102859934609
22 22 0.712609761698
23 22 0.7120446841569
24 22 0.7127067698093
25 22 0.7098053030343
26 22 0.7133649181627
27 22 0.7117252249579
28 22 0.70728974727
29 22 0.704524482319
30 22 0.7040176724081
0 23 0.7085922850722
1 23 0.7163261338135
2 23 0.7268505316489
3 23 0.7310754165795
4 23 0.7152995148301
5 23 0.7237274306175
6 23 0.7220250257694
7 23 0.7201966068146
8 23 0.7169602796039
9 23 0.714540907467
10 23 0.7153206583811
11 23 0.7163996618594
12 23 0.7165641499695
13 23 0.7166947403707
14 23 0.7138135074968
15 23 0.7200746683142
16 23 0.7177094542006
17 23 0.7127527839973
18 23 0.710625696526
19 23 0.7086403467643
20 23 0.7035665613054
21 23 0.7043026632255
22 23 0.7017412279098
23 23 0.7006868288004
24 23 0.6988032347565
25 23 0.701241587188
26 23 0.69921610106
27 23 0.6983210293355
28 23 0.6961219305074
29 23 0.7035940103228
30 23 0.7017902148536
0 24 0.702704370784
1 24 0.7118377832422
2 24 0.7210083129588
3 24 0.7228718804827
4 24 0.7125716912158
5 24 0.7083446409249
6 24 0.7086552527927
7 24 0.7060659432716
8 24 0.7062669419987
9 24 0.7108227235207
10 24 0.7135595609109
11 24 0.7098574486056
12 24 0.7058728622136
13 24 0.705262564775
14 24 0.7076673397369
15 24 0.706283041621
16 24 0.7044885575217
17 24 0.7118725309746
18 24 0.7201041887889
19 24 0.692991189772
20 24 0.7028134925614
21 24 0.7057041807559
22 24 0.7019301780024
23 24 0.6971412818038
24 24 0.6967491491089
25 24 0.6961401093573
26 24 0.6958297633708
27 24 0.6961463657679
28 24 0.6965604104915
29 24 0.6918955202621
30 24 0.6921392717516
0 25 0.6976778438964
1 25 0.7114132823344
2 25 0.7132938961064
3 25 0.7035869907138
4 25 0.7032795749899
5 25 0.6990991977374
6 25 0.6986783851421
7 25 0.6991674210769
8 25 0.7014804875594
9 25 0.6911610738083
10 25 0.6950007821517
11 25 0.6957710007801
12 25 0.6967359726036
13 25 0.696252152027
14 25 0.6934499796918
15 25 0.692076112993
16 25 0.683264770666
17 25 0.6926402357352
18 25 0.6968839736486
19 25 0.6994491967104
20 25 0.6920006772087
21 25 0.6925423449337
22 25 0.6898134985187
23 25 0.6873782085833
24 25 0.6961489042616
25 25 0.6967290891694
26 25 0.6963235406541
27 25 0.6988858723808
28 25 0.6964344362435
29 25 0.6953647500844
30 25 0.6862849760236
0 26 0.693629552054
1 26 0.7032405847062
2 26 0.7062038702214
3 26 0.6960324603024
4 26 0.6913449754364
5 26 0.6881713038246
6 26 0.6891914362312
7 26 0.6901264881354
8 26 0.6842588531691
9 26 0.6805749295353
10 26 0.6811923547728
11 26 0.6783195261812
12 26 0.6781371107125
13 26 0.6792390825974
14 26 0.6782161494246
15 26 0.6780153765278
16 26 0.6789483270031
17 26 0.6784092974666
18 26 0.6780081769939
19 26 0.6779025365535
20 26 0.6771891348049
21 26 0.6767936966658
22 26 0.6767209012519
23 26 0.6763365860233
24 26 0.6760129571296
25 26 0.6766333930107
26 26 0.6791538260778
27 26 0.6831646717837
28 26 0.6841881582596
29 26 0.6853213557049
30 26 0.6842195654069
0 27 0.6909907601008
1 27 0.6943811194173
2 27 0.6927009840752
3 27 0.6833624774775
4 27 0.6837415378845
5 27 0.680702389784
6 27 0.678570443798
7 27 0.6767676203432
8 27 0.6778853706598
9 27 0.6750231918682
10 27 0.6759031514467
11 27 0.6745062132729
12 27 0.6741972237343
13 27 0.6743605616817
14 27 0.6748985241862
15 27 0.6743716301489
16 27 0.6742136982744
17 27 0.6740721877815
18 27 0.6748985241862
19 27 0.6750202506075
20 27 0.6754750036722
21 27 0.6758807450266
22 27 0.6753924995269
23 27 0.6743563750084
24 27 0.6753789358243
25 27 0.6750650232274
26 27 0.6749284575835
27 27 0.6746608383585
28 27 0.6759055202813
29 27 0.6753188469699
30 27 0.6749785453248
0 28 0.6872543088573
1 28 0.6907009650006
2 28 0.6868737909749
3 28 0.6809394947429
4 28 0.6773662823407
5 28 0.6758996223974
6 28 0.6750296530883
7 28 0.6745256639171
8 28 0.6739290545257
9 28 0.6739483998005
10 28 0.6738486333458
11 28 0.6740774768246
12 28 0.6739342932606
13 28 0.6739465973987
14 28 0.6736364155443
15 28 0.6736627793829
16 28 0.6736123585414
17 28 0.6736059244247
18 28 0.6734587895601
19 28 0.6738310235012
20 28 0.6737753171075
21 28 0.6738087542517
22 28 0.6737565822275
23 28 0.6736404972422
24 28 0.6738081777211
25 28 0.6735719552864
26 28 0.6735631454757
27 28 0.6738275400803
28 28 0.6740329072138
29 28 0.6745767031188
30 28 0.6746031887672
0 29 0.6861098334786
1 29 0.6868688983146
2 29 0.6839112908435
3 29 0.6798063523048
4 29 0.6777861853548
5 29 0.6779713790616
6 29 0.6761576059699
7 29 0.6762467817004
8 29 0.6764364611421
9 29 0.6763750221074
10 29 0.6758252792124
11 29 0.6754019123809
12 29 0.6753960232825
13 29 0.6754567293663
14 29 0.6753842453939
15 29 0.6759061004066
16 29 0.6755592665642
17 29 0.6752092666434
18 29 0.6757798499468
19 29 0.6761770794001
20 29 0.6755191847448
21 29 0.675776322185
22 29 0.6760129571296
23 29 0.675721453316
24 29 0.6763844865743
25 29 0.6759397493773
26 29 0.6759397493773
27 29 0.6756624870686
28 29 0.6772845290941
29 29 0.6773627379962
30 29 0.6781519534006
0 30 0.6893073620798
1 30 0.6882893932784
2 30 0.6844712486766
3 30 0.6807891390719
4 30 0.6789751570534
5 30 0.6777808865647
6 30 0.6771559678651
7 30 0.6769599925957
8 30 0.6764028111158
9 30 0.6761640889252
10 30 0.6763602086911
11 30 0.675948017094
12 30 0.6759025713265
13 30 0.6755704951556
14 30 0.6752234266088
15 30 0.6752887824243
16 30 0.6751644990076
17 30 0.6750980097646
18 30 0.6749761347724
19 30 0.6748002109375
20 30 0.6747708189111
21 30 0.6746061504735
22 30 0.6744592282259
23 30 0.6740223065721
24 30 0.674515023698
25 30 0.6747367080974
26 30 0.6750886053795
27 30 0.6756783810946
28 30 0.6764282298911
29 30 0.6775394663154
30 30 0.6792771901271
