0 0 0.6938464149154
1 0 0.6930866226592
2 0 0.7041161220261
3 0 0.7003683003435
4 0 0.6991557461314
5 0 0.698191567475
6 0 0.6968853869108
7 0 0.6960429032891
8 0 0.6954924669555
9 0 0.694494005227
10 0 0.6937182654863
11 0 0.6928833946535
12 0 0.6925860510135
13 0 0.6923914716758
14 0 0.6924538685584
15 0 0.692568212115
16 0 0.6928410123872
17 0 0.6930983575879
18 0 0.6931357610358
19 0 0.6931631012777
20 0 0.6930592884499
21 0 0.6931223319329
22 0 0.6934783447187
23 0 0.6938850684458
24 0 0.6941689805633
25 0 0.6941807292256
26 0 0.6938956610903
27 0 0.6937250258991
28 0 0.6933173909952
29 0 0.6928996265601
30 0 0.6923095942571
0 1 0.6900761755374
1 1 0.6894997915412
2 1 0.6886127100134
3 1 0.6864009331915
4 1 0.6845621201658
5 1 0.6836290663844
6 1 0.6832418982152
7 1 0.683479169345
8 1 0.6841412634428
9 1 0.6851390150324
10 1 0.6858432130409
11 1 0.6864397937386
12 1 0.6870594640151
13 1 0.6874525698647
14 1 0.6877741271164
15 1 0.6880756490028
16 1 0.6884281199415
17 1 0.6889105607758
18 1 0.6896435311404
19 1 0.6904672934685
20 1 0.6915053181698
21 1 0.6920360491464
22 1 0.6923864493641
23 1 0.6924744873438
24 1 0.6923574583531
25 1 0.6920850842811
26 1 0.6918740545417
27 1 0.691624291505
28 1 0.6913163750135
29 1 0.6910608287208
30 1 0.6908432640134
0 2 0.6899079574082
1 2 0.6895595172611
2 2 0.6887191250906
3 2 0.6872246090551
4 2 0.6850899311028
5 2 0.6839405292215
6 2 0.6848493517314
7 2 0.6855136120969
8 2 0.6863773991219
9 2 0.6872575576241
10 2 0.6877554315485
11 2 0.6881917761083
12 2 0.6885906497128
13 2 0.688927104295
14 2 0.6892666252341
15 2 0.6896905063117
16 2 0.6903281573514
17 2 0.6911379982076
18 2 0.6920405190383
19 2 0.6930475777162
20 2 0.6939701626537
21 2 0.6943073279311
22 2 0.6943880713388
23 2 0.6942664238806
24 2 0.6940502083192
25 2 0.6936735354991
26 2 0.69324250316
27 2 0.6929129555816
28 2 0.6926206350553
29 2 0.6923953526028
30 2 0.6921602469628
0 3 0.6898935651919
1 3 0.6892909008481
2 3 0.68789792643
3 3 0.6869584375425
4 3 0.686489138614
5 3 0.6874728693743
6 3 0.6885289470848
7 3 0.6897441935856
8 3 0.6906396684877
9 3 0.6915003087055
10 3 0.692070030896
11 3 0.6927656789368
12 3 0.6930615300026
13 3 0.6933939434482
14 3 0.6935924083735
15 3 0.6937664162478
16 3 0.6941061824467
17 3 0.6946584010697
18 3 0.6954463563479
19 3 0.696547377179
20 3 0.6975375992696
21 3 0.698191567475
22 3 0.6984512309588
23 3 0.6983480344462
24 3 0.6979479399967
25 3 0.6975924456983
26 3 0.6970474927003
27 3 0.6966145230793
28 3 0.6962649100986
29 3 0.6959797887469
30 3 0.6958790045351
0 4 0.6962327772732
1 4 0.6953176152924
2 4 0.6946886422046
3 4 0.6928443497455
4 4 0.690560407528
5 4 0.689649057299
6 4 0.6916342685414
7 4 0.6940972351562
8 4 0.6961904920403
9 4 0.6964097754709
10 4 0.697657498672
11 4 0.6987280819814
12 4 0.6993256868619
13 4 0.699784816169
14 4 0.6999681981115
15 4 0.7000297279291
16 4 0.7001568351311
17 4 0.7006073565174
18 4 0.7013294400866
19 4 0.7022816428294
20 4 0.7031318900647
21 4 0.7035212410651
22 4 0.7036006057398
23 4 0.7033112832966
24 4 0.7028262047345
25 4 0.7021853646982
26 4 0.701487855742
27 4 0.7009807187576
28 4 0.7004156499939
29 4 0.6999671015462
30 4 0.6996772622015
0 5 0.7015696451528
1 5 0.7005085692213
2 5 0.6990727964476
3 5 0.6974097504459
4 5 0.6940838605341
5 5 0.6929258278335
6 5 0.6946006377095
7 5 0.6964154105986
8 5 0.6981892926156
9 5 0.6996811786096
10 5 0.7009796190176
11 5 0.7021090888958
12 5 0.7027216879455
13 5 0.7032720906136
14 5 0.7034607926127
15 5 0.7036673736178
16 5 0.7039253222386
17 5 0.7044303975805
18 5 0.7050707750044
19 5 0.7060030497987
20 5 0.7066678112442
21 5 0.70689545888
22 5 0.7065987134049
23 5 0.7061045088472
24 5 0.7054790560569
25 5 0.7046560382613
26 5 0.703812505421
27 5 0.7032295818547
28 5 0.7025202680443
29 5 0.7035585993957
30 5 0.7040060289735
0 6 0.7024066794192
1 6 0.7012310110399
2 6 0.7000565178962
3 6 0.6927210031524
4 6 0.6911802633673
5 6 0.6909698077123
6 6 0.6926758761773
7 6 0.6941846302366
8 6 0.6955909273479
9 6 0.6969204247962
10 6 0.6980867072224
11 6 0.6986026782098
12 6 0.6989937984272
13 6 0.6991404068698
14 6 0.6994394459134
15 6 0.6999653517151
16 6 0.7009962090793
17 6 0.702257007204
18 6 0.7035614986624
19 6 0.7046312357725
20 6 0.7053933908401
21 6 0.7057244604367
22 6 0.7056954800339
23 6 0.7053078174908
24 6 0.7047587661084
25 6 0.7041892925201
26 6 0.7036708868267
27 6 0.703323908793
28 6 0.7029939104659
29 6 0.702697585762
30 6 0.7025621504879
0 7 0.703399247202
1 7 0.7019240205352
2 7 0.699944284435
3 7 0.6976377520623
4 7 0.6937585549102
5 7 0.6923897823446
6 7 0.6939992659471
7 7 0.6948054032038
8 7 0.6955700534436
9 7 0.6965293336364
10 7 0.6970214877784
11 7 0.6973741538527
12 7 0.6975285632964
13 7 0.6976354808104
14 7 0.6977984459032
15 7 0.6983491027212
16 7 0.6991966696397
17 7 0.7004954838055
18 7 0.7019836185103
19 7 0.7035120258346
20 7 0.7043882921006
21 7 0.7048055995127
22 7 0.7047969183057
23 7 0.7044402040126
24 7 0.7038262811951
25 7 0.7032054448193
26 7 0.702464009591
27 7 0.7018919262909
28 7 0.701407209905
29 7 0.7011430267336
30 7 0.7008916276025
0 8 0.7997363764242
1 8 0.7782268434897
2 8 0.7635094267237
3 8 0.7508966510546
4 8 0.7405565811676
5 8 0.7342250694927
6 8 0.7319875637404
7 8 0.7295525442329
8 8 0.7278709048163
9 8 0.7260865972367
10 8 0.7244384980693
11 8 0.7226819263135
12 8 0.7212904504407
13 8 0.7202057813113
14 8 0.7194768868564
15 8 0.7193998150115
16 8 0.7200997358708
17 8 0.7209737017633
18 8 3.475804346642
19 8 -126.6225320816
20 8 22.20536024708
21 8 2.051397470568
22 8 1.481693570106
23 8 1.271785765871
24 8 1.195440385437
25 8 1.118863950299
26 8 1.074681126757
27 8 1.040689884227
28 8 1.012887156219
29 8 0.990548562964
30 8 0.9716867148771
0 9 1.091381021071
1 9 1.035965771691
2 9 0.9927402324998
3 9 0.9614296403814
4 9 0.9365384175417
5 9 0.9198752719217
6 9 0.9103566200678
7 9 0.9009442668154
8 9 0.8925397827295
9 9 0.8847117387977
10 9 0.8774644686432
11 9 0.8709862413621
12 9 0.8649220721688
13 9 0.8582928995635
14 9 0.8532499824576
15 9 -110.7295102687
16 9 -104.2475878225
17 9 -293.7659918862
18 9 15.20849433516
19 9 112.3347034958
20 9 -91.07865886935
21 9 -115.1468308522
22 9 16.24021662284
23 9 2.272394775137
24 9 1.943250604837
25 9 1.691946850245
26 9 1.56714885847
27 9 1.477895226659
28 9 1.410766025798
29 9 1.356880420778
30 9 1.313109036385
0 10 1.399327296724
1 10 1.312556029736
2 10 1.255252709568
3 10 1.209224517407
4 10 1.1739349545
5 10 1.141927815589
6 10 1.125715512821
7 10 1.110939121277
8 10 1.097417202485
9 10 1.08527114957
10 10 1.073996793659
11 10 1.064146982819
12 10 1.055022063274
13 10 1.047448415659
14 10 21.46610425474
15 10 31.85610989569
16 10 1,211.474393181
17 10 7.828626446241
18 10 34.93124018245
19 10 94.20072523793
20 10 -121.0451522627
21 10 -131.7626886214
22 10 -626.0166062531
23 10 77.96128420352
24 10 3.314478161456
25 10 2.371177055678
26 10 2.036785707739
27 10 1.818669158532
28 10 1.699905072444
29 10 1.615754374559
30 10 1.547182433438
0 11 1.596352774807
1 11 1.49528078703
2 11 1.424027521434
3 11 1.370900534116
4 11 1.333846292508
5 11 1.29885632608
6 11 1.275538792141
7 11 1.255151950488
8 11 1.233769178942
9 11 1.217737989059
10 11 1.202918486463
11 11 1.190130823147
12 11 1.178498067067
13 11 66.12445037199
14 11 29.57965618298
15 11 9.346171234141
16 11 6.419964156423
17 11 2.799665533291
18 11 2.802264977372
19 11 30.68774749303
20 11 24.90075566679
21 11 -396.5637636575
22 11 -1,051.524236958
23 11 -126.3806712198
24 11 4.301099934623
25 11 2.593600574643
26 11 2.130305080991
27 11 1.934500930541
28 11 1.803533999106
29 11 1.707267243176
30 11 1.630520612809
0 12 1.685329821855
1 12 1.575940639569
2 12 1.500210029404
3 12 1.44816100792
4 12 1.408495103467
5 12 1.362764194552
6 12 1.337569564764
7 12 1.316469402085
8 12 1.297524058413
9 12 1.280127105649
10 12 1.264317644757
11 12 1.25038240862
12 12 1.23890837777
13 12 155.0372831444
14 12 115.7044491832
15 12 10.38285440687
16 12 2.427057671051
17 12 1.997262039068
18 12 1.733946831245
19 12 2.328377382076
20 12 17.99395120477
21 12 20.49920843771
22 12 1,092.943896952
23 12 -197.5532558893
24 12 4.441897756397
25 12 2.51848085235
26 12 2.124810907006
27 12 1.892720596586
28 12 1.771934930162
29 12 1.684336425187
30 12 1.616130894905
0 13 1.669422936933
1 13 1.566700482529
2 13 1.494343057617
3 13 1.448599948844
4 13 1.407962497243
5 13 1.373909189706
6 13 1.349537812218
7 13 1.328693199236
8 13 1.307774438801
9 13 1.29117050878
10 13 1.276761917767
11 13 1.263535625387
12 13 80.88647883132
13 13 1,154.559506684
14 13 22.27551846269
15 13 2.779167582138
16 13 2.022694633791
17 13 1.787689621941
18 13 1.749606630109
19 13 3.122583714982
20 13 13.00710441849
21 13 24.34607599222
22 13 80.87127165145
23 13 -1,861.789671387
24 13 17.58092794147
25 13 2.538092538854
26 13 2.158667177209
27 13 1.953329743547
28 13 1.824451613284
29 13 1.731444184815
30 13 1.659400205845
0 14 1.69683998298
1 14 1.595624402781
2 14 1.524099496699
3 14 1.476634266733
4 14 1.434046559804
5 14 1.408156039782
6 14 1.378394131454
7 14 1.356685640238
8 14 1.337850426029
9 14 1.32080746621
10 14 1.305287876579
11 14 1.291391559268
12 14 37.89193112979
13 14 -322.3938746146
14 14 8.295289227702
15 14 2.973960848514
16 14 2.097044425587
17 14 1.834651107893
18 14 1.697667146648
19 14 1.654083945075
20 14 12.77831629254
21 14 28.87852317983
22 14 -293.3652350797
23 14 -163.8687124453
24 14 10.8012517725
25 14 2.712969038435
26 14 2.247087373498
27 14 1.984172839066
28 14 1.851095742903
29 14 1.755193984666
30 14 1.682524405778
0 15 1.719372108231
1 15 1.617401016791
2 15 1.543972104982
3 15 1.496123543898
4 15 1.45557431244
5 15 1.416819536997
6 15 1.386088385312
7 15 1.364892241758
8 15 1.346573614583
9 15 1.329054537183
10 15 1.313193201861
11 15 1.299957602811
12 15 26.96215995661
13 15 -219.0898791503
14 15 20.03743183099
15 15 2.9343329814
16 15 2.581597219448
17 15 1.938669184844
18 15 1.769569074539
19 15 1.660242844511
20 15 9.349524216069
21 15 11.24463129095
22 15 -1,131.772181158
23 15 616.1510260103
24 15 4.125008743545
25 15 2.558902274791
26 15 2.176980648093
27 15 1.977203595761
28 15 1.848148628113
29 15 1.739729939236
30 15 1.67224027003
0 16 1.727153984315
1 16 1.629352932742
2 16 1.557455420434
3 16 1.507379267534
4 16 1.462677994852
5 16 1.426150271688
6 16 1.398892543403
7 16 1.376878266849
8 16 1.357447899695
9 16 1.339982539389
10 16 1.321107760181
11 16 1.305480025938
12 16 1.297911715674
13 16 75.74382328057
14 16 17.76135388204
15 16 3.265950349405
16 16 2.050404808492
17 16 1.757607658282
18 16 1.682504643713
19 16 1.625393412931
20 16 -914.0773792618
21 16 47.64036587257
22 16 63.09299908064
23 16 -1,184.775298902
24 16 3.767781574167
25 16 2.545355384579
26 16 2.133491116854
27 16 1.955141421431
28 16 1.836229489863
29 16 1.751123929709
30 16 1.682804171021
0 17 1.773220769279
1 17 1.666699339265
2 17 1.589259271228
3 17 1.538052855846
4 17 1.487510226633
5 17 1.448104885823
6 17 1.411224313701
7 17 1.38553912812
8 17 1.361944280525
9 17 1.340815937577
10 17 1.321686381192
11 17 1.306009297045
12 17 1.29143031442
13 17 4.101210052261
14 17 19.19627921262
15 17 6.5684128031
16 17 2.077659344599
17 17 1.799353723553
18 17 1.681409424636
19 17 3.65792671849
20 17 37.39769060356
21 17 20.96794001971
22 17 48.21720998967
23 17 3.940403831348
24 17 2.420909743297
25 17 2.099931962204
26 17 1.922244742489
27 17 1.805097130128
28 17 1.719134937848
29 17 1.653661016501
30 17 1.600758607127
0 18 1.674421230322
1 18 1.591629544434
2 18 1.531322434741
3 18 1.488197319657
4 18 1.446285972059
5 18 1.413345943071
6 18 1.381586673347
7 18 1.360477405774
8 18 1.341757097368
9 18 1.324311284034
10 18 1.309313295104
11 18 1.296657599531
12 18 1.284894365775
13 18 1.274359611539
14 18 2.415125142124
15 18 13.9511931459
16 18 12.3454830523
17 18 4.168832143363
18 18 -446.5975360618
19 18 -174.2245989039
20 18 168.4580576738
21 18 10.78581049588
22 18 3.033000562622
23 18 2.380014811626
24 18 2.107257901956
25 18 1.916979628805
26 18 1.811369281837
27 18 1.732549758829
28 18 1.670227033961
29 18 1.61846929336
30 18 1.574795237249
0 19 1.612888360476
1 19 1.547836780169
2 19 1.496920193624
3 19 1.459179454753
4 19 1.427961387924
5 19 1.400635141349
6 19 1.378537729888
7 19 1.359640785494
8 19 1.339521326519
9 19 1.324223683324
10 19 1.310142889175
11 19 1.296991788127
12 19 1.28418846016
13 19 1.27459938886
14 19 1.264691194931
15 19 1.257059586779
16 19 2.015018218643
17 19 1.402997363568
18 19 2.158699685657
19 19 2.449730366344
20 19 1.612093340819
21 19 1.486345895764
22 19 1.422111174151
23 19 1.379085796145
24 19 1.346738123309
25 19 1.321647701966
26 19 1.301799049092
27 19 1.284508708755
28 19 1.269947473158
29 19 1.256639093611
30 19 1.244953196874
0 20 1.192726820007
1 20 1.185469196006
2 20 1.175343312185
3 20 1.16975853343
4 20 1.162200395115
5 20 1.155159608403
6 20 1.148639032308
7 20 1.143321191262
8 20 1.13694681379
9 20 1.131736377855
10 20 1.126483679585
11 20 1.121728299138
12 20 1.117136258439
13 20 1.112932846745
14 20 1.108605252646
15 20 1.104311183533
16 20 1.100480873459
17 20 1.097051897659
18 20 1.094324634425
19 20 1.091296515345
20 20 1.087967114795
21 20 1.084662169313
22 20 1.081339043765
23 20 1.077759362919
24 20 1.074532105228
25 20 1.071038625937
26 20 1.068372698458
27 20 1.065364851696
28 20 1.062846519598
29 20 1.060070885426
30 20 1.057081015746
0 21 1.045745801505
1 21 1.043291479294
2 21 1.039399579449
3 21 1.038182729356
4 21 1.033739586427
5 21 1.031380791977
6 21 1.028704076813
7 21 1.0267247154
8 21 1.02408921163
9 21 1.02185305753
10 21 1.019491314614
11 21 1.017506194069
12 21 1.015429352301
13 21 1.013374076762
14 21 1.011255758138
15 21 1.009217326012
16 21 1.007473776297
17 21 1.005615163527
18 21 1.003944881896
19 21 1.00183077418
20 21 1.000144020739
21 21 0.9985579871658
22 21 0.9970613279129
23 21 0.9952293444415
24 21 0.9937885376998
25 21 0.9923450502821
26 21 0.9909800056099
27 21 0.9897586841073
28 21 0.9886120367187
29 21 0.9872605775568
30 21 0.9857727641688
0 22 0.9812083187963
1 22 0.979567938704
2 22 0.9764974728245
3 22 0.976158400201
4 22 0.9730211807251
5 22 0.9720700212587
6 22 0.9703055991346
7 22 0.9690910710256
8 22 0.968046223193
9 22 0.9664722937476
10 22 0.9650301562733
11 22 0.9636538670948
12 22 0.9624806701799
13 22 0.9611599387988
14 22 0.9596479024427
15 22 0.9580617152334
16 22 0.9568797191257
17 22 0.9555934364928
18 22 0.9544429386971
19 22 0.9534199423036
20 22 0.9520754246846
21 22 0.9509796698208
22 22 0.9499440980516
23 22 0.9490312379507
24 22 0.9480395760475
25 22 0.9470948317035
26 22 0.9467737759353
27 22 0.9458638432601
28 22 0.9455696347872
29 22 0.944271013335
30 22 0.9434982903811
0 23 0.940151857805
1 23 0.9391335893382
2 23 0.9365893758921
3 23 0.9362294864318
4 23 0.932413559158
5 23 0.9321922885414
6 23 0.9313564568149
7 23 0.9305826138453
8 23 0.9297900069269
9 23 0.9286285708145
10 23 0.927694066641
11 23 0.9268444336636
12 23 0.9258397918007
13 23 0.9250372701921
14 23 0.9242868246874
15 23 0.9234572250876
16 23 0.9223965795778
17 23 0.9216582985213
18 23 0.9210149022843
19 23 0.9199667480209
20 23 0.919001565191
21 23 0.9187747954348
22 23 0.9174508322808
23 23 0.9162175346497
24 23 0.9153107826618
25 23 0.9146966134273
26 23 0.9139996808835
27 23 0.913459022685
28 23 0.9128338043049
29 23 0.9120807571938
30 23 0.9116437879529
0 24 0.9098048893088
1 24 0.9094095567512
2 24 0.9072532303615
3 24 0.9080280445759
4 24 0.9069748699722
5 24 0.9060777494962
6 24 0.905545443871
7 24 0.9051347648686
8 24 0.904568380459
9 24 0.9040597578334
10 24 0.9033798667171
11 24 0.902820488591
12 24 0.9021604422751
13 24 0.9015949472215
14 24 0.9008226054655
15 24 0.900193798865
16 24 0.899471740247
17 24 0.89812027276
18 24 0.8979280694623
19 24 0.8970188220178
20 24 0.8964541269269
21 24 0.8959050866206
22 24 0.8951191454732
23 24 0.8942982862945
24 24 0.8937798033003
25 24 0.8931616988446
26 24 0.8926916988471
27 24 0.8922916454393
28 24 0.891892859544
29 24 0.891460294316
30 24 0.8911139391013
0 25 0.8924554999376
1 25 0.8921926262574
2 25 0.8894718553316
3 25 0.8890636157616
4 25 0.8875764779216
5 25 0.8879925144768
6 25 0.8875737394149
7 25 0.8871993233964
8 25 0.8867868381071
9 25 0.8862659917202
10 25 0.8857667532342
11 25 0.8851068507312
12 25 0.8844952406785
13 25 0.8839843751973
14 25 0.8832055685354
15 25 0.8824824955395
16 25 0.8817460923952
17 25 0.8810822576718
18 25 0.8806438261207
19 25 0.8798123904817
20 25 0.8789224109896
21 25 0.8774581991449
22 25 0.8773740645469
23 25 0.8768043537595
24 25 0.8762470090247
25 25 0.8755967191641
26 25 0.8752296748538
27 25 0.8745880325955
28 25 0.8741045527278
29 25 0.8736268769561
30 25 0.8732809464569
0 26 0.8748282056111
1 26 0.8741720497973
2 26 0.8714027767208
3 26 0.8711723590451
4 26 0.8699828812226
5 26 0.8698675999379
6 26 0.8697118979942
7 26 0.8694921296471
8 26 0.8691011929283
9 26 0.8684614981242
10 26 0.8678595051176
11 26 0.867281985339
12 26 0.8667043394153
13 26 0.8662172786423
14 26 0.8655809643413
15 26 0.8648090184591
16 26 0.8642346609459
17 26 0.8635544493286
18 26 0.8629488474332
19 26 0.8622057999845
20 26 0.8614855530719
21 26 0.8608923772612
22 26 0.8602810218565
23 26 0.8596636717349
24 26 0.8591244539957
25 26 0.8586176468496
26 26 0.8580241004261
27 26 0.8577648241674
28 26 0.857365562222
29 26 0.8571699017279
30 26 0.8567310317812
0 27 0.8594094882818
1 27 0.8587333715483
2 27 0.8559696895426
3 27 0.8561929372889
4 27 0.8552037437399
5 27 0.8551705894292
6 27 0.8546947323454
7 27 0.8542007804629
8 27 0.8538420779231
9 27 0.8532703679395
10 27 0.8526942987803
11 27 0.8520405600519
12 27 0.8516533084845
13 27 0.8509506455919
14 27 0.8504399325771
15 27 0.8498206635594
16 27 0.849233340448
17 27 0.848655196728
18 27 0.8481957422512
19 27 0.8474286613367
20 27 0.8469338474087
21 27 0.8463729513392
22 27 0.8458486032502
23 27 0.8453806108817
24 27 0.844773646924
25 27 0.8442173044286
26 27 0.8436997923293
27 27 0.8432911291556
28 27 0.8429068485579
29 27 0.8424849937375
30 27 0.8421632816649
0 28 0.8446906686459
1 28 0.8437883396327
2 28 0.8413971568068
3 28 0.8419910056115
4 28 0.8409052513212
5 28 0.8411231685895
6 28 0.8408107433512
7 28 0.8405288944015
8 28 0.8402414854029
9 28 0.8397952579161
10 28 0.8392560834077
11 28 0.8388534550976
12 28 0.838452752828
13 28 0.8380205953538
14 28 0.8374796552264
15 28 0.8369377452228
16 28 0.8364826906637
17 28 0.8360640778619
18 28 0.8356083766159
19 28 0.8351928969469
20 28 0.8346678081743
21 28 0.8342128320048
22 28 0.8336468440929
23 28 0.8327719392974
24 28 0.8322039137361
25 28 0.8319117546041
26 28 0.8317259898529
27 28 0.8312043287855
28 28 0.8309939534506
29 28 0.8306969254483
30 28 0.8309047832973
0 29 0.8337228009847
1 29 0.8331107406898
2 29 0.8304010948008
3 29 0.8307322841791
4 29 0.8299427537105
5 29 0.8301222098011
6 29 0.8300140347468
7 29 0.8298826680269
8 29 0.8296873185059
9 29 0.8293625298432
10 29 0.828992439431
11 29 0.828657076763
12 29 0.8283481892979
13 29 0.8280006150862
14 29 0.8276380667794
15 29 0.8270905067024
16 29 0.8267574619585
17 29 0.8263372734144
18 29 0.8259738408578
19 29 0.8254997988532
20 29 0.8250366080529
21 29 0.824538388073
22 29 0.8240714568842
23 29 0.8236808398344
24 29 0.8231094645438
25 29 0.8227811004204
26 29 0.8223374095032
27 29 0.8220709611654
28 29 0.821694037295
29 29 0.821438962352
30 29 0.8210955236335
0 30 0.8233087004598
1 30 0.8226370280208
2 30 0.8200676649546
3 30 0.8214013380628
4 30 0.8210586691382
5 30 0.8212821262103
6 30 0.821116616937
7 30 0.820896426716
8 30 0.8207140407563
9 30 0.8204524897061
10 30 0.8200840937661
11 30 0.8196441378368
12 30 0.8194013001479
13 30 0.8191086662321
14 30 0.8187102584395
15 30 0.818179161756
16 30 0.8176611697772
17 30 0.8172820119148
18 30 0.8168978033618
19 30 0.816434880804
20 30 0.8160445233892
21 30 0.8156529550485
22 30 0.8152648640255
23 30 0.8150161683684
24 30 0.8143679953688
25 30 0.8139071776846
26 30 0.8134430371019
27 30 0.8132545937654
28 30 0.8127688934612
29 30 0.8125754485978
30 30 0.8122838357992
