1 0 21.81387633768
2 0 21.81856043808
3 0 21.90805313256
4 0 21.90126423744
5 0 21.89918239488
6 0 21.89657741544
7 0 21.90815183592
8 0 21.90096413568
9 0 21.92121052632
10 0 21.935450754
11 0 21.95113202352
12 0 21.96778658256
13 0 22.00836459528
14 0 22.0269130704
15 0 22.04725684896
16 0 22.06692598824
17 0 22.09551997968
18 0 22.11502151376
19 0 22.11954073056
20 0 22.1304486312
21 0 22.16377135728
22 0 22.17775743288
23 0 22.18809084912
24 0 22.21899779232
25 0 22.2572384496
26 0 22.28450493528
27 0 22.29698369808
28 0 22.32923302512
29 0 22.3584150636
30 0 22.37932389168
31 0 22.41930165552
32 0 22.43231439624
33 0 22.45851564768
34 0 22.47212723112
35 0 22.50417379896
36 0 22.52925842328
37 0 22.55693450976
38 0 22.61141880984
39 0 22.63465410696
40 0 22.67389105128
41 0 22.70272703832
42 0 22.74446894328
43 0 22.76570622312
44 0 22.81204708776
45 0 22.84014901392
46 0 22.87928997648
47 0 22.90255502976
48 0 22.93953309144
49 0 22.977716958
50 0 23.0159468196
51 0 23.03319890592
52 0 23.07642240456
53 0 23.10415392096
54 0 23.1381525564
55 0 23.17149415224
56 0 23.1964490016
57 0 23.22809812512
58 0 23.25591614304
59 0 23.28122248704
60 0 23.31512105832
0 1 23.73612250464
1 1 23.48933180832
2 1 23.48000688096
3 1 23.48113698
4 1 23.48728244352
5 1 23.48809080408
6 1 23.48946430488
7 1 23.49271679832
8 1 23.4979591896
9 1 23.50561060512
10 1 23.51289968496
11 1 23.5269938988
12 1 23.53469121864
13 1 23.54721461568
14 1 23.56571038248
15 1 23.59270107936
16 1 23.6110725144
17 1 23.63686548048
18 1 23.64271891632
19 1 23.66902290816
20 1 23.68089738504
21 1 23.703975918
22 1 23.72931464904
23 1 23.74009957872
24 1 23.77660993344
25 1 23.79799590336
26 1 23.82502719744
27 1 23.85108783288
28 1 23.88645720216
29 1 23.91896335752
30 1 23.94268532208
31 1 23.96778618528
32 1 23.99072410224
33 1 24.01477592472
34 1 24.04938555936
35 1 24.067105398
36 1 24.09836787288
37 1 24.11782345728
38 1 24.14550090456
39 1 24.17203469016
40 1 24.20388389664
41 1 24.23701729008
42 1 24.25364213832
43 1 24.27846993432
44 1 24.30191343384
45 1 24.33169431504
46 1 24.35571098352
47 1 24.37792971768
48 1 24.41505919104
49 1 24.4361477808
50 1 24.46104311784
51 1 24.49758590496
52 1 24.5172144924
53 1 24.55068590856
54 1 24.56250631632
55 1 24.59865165912
56 1 24.61648503384
57 1 24.63973929144
58 1 24.6537469584
59 1 24.675087024
60 1 24.6890730996
0 2 24.95000123784
1 2 24.79670607456
2 2 24.7997179332
3 2 24.79799030688
4 2 24.79568679
5 2 24.79112570592
6 2 24.78134654352
7 2 24.77825625744
8 2 24.77669623632
9 2 24.77716126704
10 2 24.77669623632
11 2 24.77610950472
12 2 24.77539844136
13 2 24.767403696
14 2 24.77710447632
15 2 24.76902050784
16 2 24.766995456
17 2 24.78003795288
18 2 24.77172419064
19 2 24.7801596084
20 2 24.776742186
21 2 24.77505511152
22 2 24.77290840416
23 2 24.76488930048
24 2 24.75866545488
25 2 24.75547782624
26 2 24.75495605016
27 2 24.75373940424
28 2 24.75391240728
29 2 24.754004352
30 2 24.75918727632
31 2 24.76148811696
32 2 24.76715226552
33 2 24.77471173632
34 2 24.78025967256
35 2 24.78038672592
36 2 24.79127707224
37 2 24.80048306568
38 2 24.80372748504
39 2 24.80807229264
40 2 24.81427989936
41 2 24.83300006208
42 2 24.84333892152
43 2 24.85532425824
44 2 24.8621564268
45 2 24.8775402708
46 2 24.88835763288
47 2 24.90324405912
48 2 24.91546730904
49 2 24.92690923296
50 2 24.94977416568
51 2 24.9535890324
52 2 24.96936492288
53 2 24.978616866
54 2 24.99221089512
55 2 24.99603660288
56 2 25.01387265384
57 2 25.0142782176
58 2 25.02826969104
59 2 25.03190611152
60 2 25.0303191012
0 3 24.90314399496
1 3 24.85151478936
2 3 24.82046047152
3 3 24.7735626768
4 3 24.7524984
5 3 24.76917464112
6 3 24.78841390368
7 3 24.77046154968
8 3 24.75491277672
9 3 24.75267412464
10 3 24.75393944184
11 3 24.75496684584
12 3 24.76053909504
13 3 24.7560185628
14 3 24.75562111848
15 3 24.7551344964
16 3 24.75272011968
17 3 24.75141152904
18 3 24.7578354576
19 3 24.77141324784
20 3 24.77473604928
21 3 24.78249827928
22 3 24.79238557992
23 3 24.80975396928
24 3 24.80400595008
25 3 24.82171227144
26 3 24.83566859088
27 3 24.85925266104
28 3 24.85612994256
29 3 24.88081984416
30 3 24.88383710064
31 3 24.90387669504
32 3 24.90550162632
33 3 24.92354315808
34 3 24.92446242384
35 3 24.93732915072
36 3 24.94682984808
37 3 24.94787349096
38 3 24.95041759728
39 3 24.95795003352
40 3 24.96533645592
41 3 24.98397283872
42 3 24.9906211632
43 3 25.00653490272
44 3 25.01985591
45 3 25.04517032808
46 3 25.05806141328
47 3 25.07768732448
48 3 25.09174910592
49 3 25.111729188
50 3 25.13066567256
51 3 25.1378844444
52 3 25.15315747392
53 3 25.16563759752
54 3 25.1739243252
55 3 25.1864044488
56 3 25.19521571952
57 3 25.2028508508
58 3 25.21740202128
59 3 25.2099344952
60 3 25.21207575936
0 4 25.17192902952
1 4 25.14331340136
2 4 25.1241092928
3 4 25.10227176408
4 4 25.0755162588
5 4 25.12668047904
6 4 25.14036640752
7 4 25.11815311656
8 4 25.10484022872
9 4 25.07242597272
10 4 25.07106335832
11 4 25.07474033064
12 4 25.0777089612
13 4 25.07771708064
14 4 25.07932844928
15 4 25.07820642432
16 4 25.07595969816
17 4 25.07260174272
18 4 25.0793176536
19 4 25.09879482936
20 4 25.11032057856
21 4 25.13045479392
22 4 25.13099820672
23 4 25.1461252224
24 4 25.16012213904
25 4 25.176628008
26 4 25.18632334512
27 4 25.20099072792
28 4 25.22410981272
29 4 25.22280661992
30 4 25.23190715136
31 4 25.24236494472
32 4 25.24905921888
33 4 25.2581111244
34 4 25.25457739896
35 4 25.2542097108
36 4 25.25802457752
37 4 25.26117705216
38 4 25.2628262964
39 4 25.26678177912
40 4 25.2742141512
41 4 25.28332552368
42 4 25.29365893992
43 4 25.3102161564
44 4 25.3155207816
45 4 25.33386785832
46 4 25.35004119312
47 4 25.36333779672
48 4 25.38240949944
49 4 25.39691735112
50 4 25.40340346824
51 4 25.42135849848
52 4 25.42718222352
53 4 25.44903322416
54 4 25.4423092392
55 4 25.45789316616
56 4 25.46984334888
57 4 25.4774568888
58 4 25.48782813528
59 4 25.48338330888
60 4 25.4955471372
0 5 25.63710839424
1 5 25.52812632216
2 5 25.5103172604
3 5 25.49002895712
4 5 25.46048326752
5 5 25.49948638104
6 5 25.54135806096
7 5 25.47556700976
8 5 25.44232275648
9 5 25.43439287592
10 5 25.43432528952
11 5 25.43397111864
12 5 25.4348146332
13 5 25.43547434904
14 5 25.44226596576
15 5 25.45638449256
16 5 25.45562475792
17 5 25.44695142696
18 5 25.46650975176
19 5 25.48795791024
20 5 25.4935626372
21 5 25.51402938672
22 5 25.52978903832
23 5 25.5393438048
24 5 25.55135077824
25 5 25.560616284
26 5 25.59195986256
27 5 25.59556924848
28 5 25.6092363072
29 5 25.62921371304
30 5 25.62935700528
31 5 25.6337531604
32 5 25.63424250408
33 5 25.64670099096
34 5 25.64179385544
35 5 25.64884774368
36 5 25.65125127936
37 5 25.64921543184
38 5 25.6562882352
39 5 25.64816099328
40 5 25.64452997064
41 5 25.64097465384
42 5 25.65085383504
43 5 25.65931361112
44 5 25.67048518944
45 5 25.67692258992
46 5 25.69825181448
47 5 25.71082928064
48 5 25.72796243304
49 5 25.7455605708
50 5 25.75380946824
51 5 25.76488638024
52 5 25.77361382568
53 5 25.78755123
54 5 25.7982847668
55 5 25.80887505672
56 5 25.81719154056
57 5 25.83269436384
58 5 25.83300526128
59 5 25.8493029732
60 5 25.84911912912
0 6 26.00454480624
1 6 25.89140989008
2 6 25.87484183256
3 6 25.85619460872
4 6 25.82338023216
5 6 25.82258262192
6 6 25.87439031912
7 6 25.8256053216
8 6 25.79847405408
9 6 25.78000260024
10 6 25.7752387116
11 6 25.77495212712
12 6 25.79397515856
13 6 25.77816411408
14 6 25.775517222
15 6 25.77450873312
16 6 25.76604895704
17 6 25.75449621864
18 6 25.7548963392
19 6 25.77308120856
20 6 25.7846420664
21 6 25.78542615936
22 6 25.800647796
23 6 25.80760973952
24 6 25.81673462928
25 6 25.81987898448
26 6 25.8314885136
27 6 25.84037004696
28 6 25.84872708264
29 6 25.84803497976
30 6 25.85944714752
31 6 25.86996980568
32 6 25.87209759792
33 6 25.8759394992
34 6 25.87938127992
35 6 25.87975168968
36 6 25.88080068504
37 6 25.87886218008
38 6 25.87319258832
39 6 25.86707960256
40 6 25.85951473392
41 6 25.85263929192
42 6 25.84596125664
43 6 25.84366853544
44 6 25.84341438336
45 6 25.84385777736
46 6 25.84713462912
47 6 25.85887125696
48 6 25.87142168856
49 6 25.87663432368
50 6 25.89538696416
51 6 25.89622512624
52 6 25.90631518608
53 6 25.91858982888
54 6 25.9200146772
55 6 25.93879702848
56 6 25.94246052888
57 6 25.94838967056
58 6 25.95882850344
59 6 25.96436832024
60 6 25.96838599152
0 7 26.13903602688
1 7 26.02537656768
2 7 26.0049124944
3 7 25.98498920304
4 7 25.95805525152
5 7 25.96253255568
6 7 26.00780274288
7 7 25.97967378216
8 7 25.93153230696
9 7 25.90612866576
10 7 25.89405678216
11 7 25.89013645344
12 7 25.901345862
13 7 25.9200146772
14 7 25.91188475904
15 7 25.91316359352
16 7 25.911873918
17 7 25.90436584008
18 7 25.90385758128
19 7 25.92855283536
20 7 25.94672958528
21 7 25.9390593
22 7 25.95560032296
23 7 25.9690835376
24 7 25.98040648224
25 7 25.9886067084
26 7 25.99692586848
27 7 26.00381754936
28 7 26.00822450016
29 7 26.02538736336
30 7 26.03888677152
31 7 26.0458108848
32 7 26.05656338208
33 7 26.05314863592
34 7 26.08224276672
35 7 26.0752483908
36 7 26.08091258472
37 7 26.07396143688
38 7 26.08665248448
39 7 26.07861174408
40 7 26.07171198912
41 7 26.06976264312
42 7 26.06093790048
43 7 26.0525429892
44 7 26.04849020928
45 7 26.048068452
46 7 26.0575042392
47 7 26.05113710136
48 7 26.04930941088
49 7 26.06848925184
50 7 26.07167688048
51 7 26.07667596072
52 7 26.0909134668
53 7 26.10628651512
54 7 26.11711739448
55 7 26.12727236448
56 7 26.13636477648
57 7 26.14977768312
58 7 26.1522542484
59 7 26.16784089696
60 7 26.16666480288
0 8 26.42893668576
1 8 26.26986642336
2 8 26.25265761048
3 8 26.22465030528
4 8 26.18565535656
5 8 26.18468202168
6 8 26.18953241184
7 8 26.1699308136
8 8 26.14392964512
9 8 26.08443546912
10 8 26.02872100584
11 8 25.98422407056
12 8 25.93647187488
13 8 25.91166576096
14 8 25.7581082808
15 8 25.72859506896
16 8 25.71262453872
17 8 25.74702057312
18 8 25.79416440048
19 8 25.83860998824
20 8 25.89119901144
21 8 25.93104563952
22 8 25.94560760568
23 8 25.9921971792
24 8 26.01240977664
25 8 26.0496419904
26 8 26.06636413584
27 8 26.09954356968
28 8 26.10671906808
29 8 26.12535545088
30 8 26.15480107632
31 8 26.16396379632
32 8 26.1765304668
33 8 26.17763897448
34 8 26.19286600896
35 8 26.20908801504
36 8 26.21816151192
37 8 26.21481439752
38 8 26.2176613272
39 8 26.2143845208
40 8 26.21005323048
41 8 26.2058003676
42 8 26.19416108232
43 8 26.1852146388
44 8 26.1796099572
45 8 26.17303189536
46 8 26.17067163312
47 8 26.1694874196
48 8 26.17223433048
49 8 26.1759113028
50 8 26.18397363456
51 8 26.19011097864
52 8 26.19874647936
53 8 26.21650959144
54 8 26.21402762832
55 8 26.22681864936
56 8 26.23826329488
57 8 26.24069386512
58 8 26.25468266232
59 8 26.25984667152
60 8 26.25728628096
0 9 26.475850674
1 9 26.34987874176
2 9 26.34295735008
3 9 26.32787360784
4 9 26.3078286156
5 9 26.30778538752
6 9 26.29315583496
7 9 26.27208076248
8 9 26.25132738312
9 9 26.23019824152
10 9 26.2175613084
11 9 26.20875815712
12 9 26.20422950544
13 9 26.19918987336
14 9 26.2016934732
15 9 26.20019836224
16 9 26.19617801472
17 9 26.18649887112
18 9 26.20291011912
19 9 26.19305525088
20 9 26.22051909792
21 9 26.21420607456
22 9 26.23098501072
23 9 26.23695198264
24 9 26.23323173688
25 9 26.2416699216
26 9 26.25473940768
27 9 26.2469636604
28 9 26.25894632088
29 9 26.25771615768
30 9 26.26618945104
31 9 26.2714832352
32 9 26.2811596572
33 9 26.28046483272
34 9 26.28840278736
35 9 26.30757446352
36 9 26.29964734992
37 9 26.30053953576
38 9 26.29867129344
39 9 26.29779530112
40 9 26.2948050792
41 9 26.28402014952
42 9 26.27556849288
43 9 26.26339926672
44 9 26.2558911888
45 9 26.2491563628
46 9 26.24275679256
47 9 26.24047486704
48 9 26.2468987956
49 9 26.25817306896
50 9 26.25571006632
51 9 26.26838482968
52 9 26.2797240132
53 9 26.2846825416
54 9 26.30519256456
55 9 26.30631186792
56 9 26.31931381296
57 9 26.3304664308
58 9 26.33088551184
59 9 26.34858371376
60 9 26.34971113656
0 10 26.52996188808
1 10 26.41272547536
2 10 26.3996018748
3 10 26.38754355384
4 10 26.36577088992
5 10 26.3686962924
6 10 26.39031210144
7 10 26.36845025976
8 10 26.35496164728
9 10 26.33805021456
10 10 26.32084135632
11 10 26.31501767664
12 10 26.31171651192
13 10 26.31036464784
14 10 26.31153806568
15 10 26.31604508064
16 10 26.31438504072
17 10 26.30909125656
18 10 26.30894796432
19 10 26.3198653452
20 10 26.32854139776
21 10 26.3344299876
22 10 26.35083043992
23 10 26.3474968428
24 10 26.35059792456
25 10 26.35803029664
26 10 26.360831322
27 10 26.37078620904
28 10 26.36953440912
29 10 26.36597097288
30 10 26.37030766104
31 10 26.39100152808
32 10 26.383977396
33 10 26.39083120128
34 10 26.39584647504
35 10 26.40742089552
36 10 26.4093486048
37 10 26.41734607176
38 10 26.41254702912
39 10 26.41130874648
40 10 26.40769936056
41 10 26.39917199808
42 10 26.38962535104
43 10 26.37923786568
44 10 26.36652250512
45 10 26.35738681968
46 10 26.35196058432
47 10 26.3451716892
48 10 26.34446330208
49 10 26.3479402368
50 10 26.35685420256
51 10 26.36132066568
52 10 26.37569066832
53 10 26.3849723676
54 10 26.40070226304
55 10 26.4036763368
56 10 26.42395652064
57 10 26.42296699224
58 10 26.44896004128
59 10 26.444463822
60 10 26.45451337536
0 11 26.59215162744
1 11 26.50248452376
2 11 26.49394632024
3 11 26.4799575684
4 11 26.44991441568
5 11 26.46626079888
6 11 26.5020492492
7 11 26.46674746632
8 11 26.45756578584
9 11 26.44687819872
10 11 26.43655829976
11 11 26.43275967192
12 11 26.423302248
13 11 26.41883846112
14 11 26.41638085632
15 11 26.41658089392
16 11 26.41593746232
17 11 26.41158453528
18 11 26.40049950384
19 11 26.40502003608
20 11 26.41945762512
21 11 26.42539488624
22 11 26.43958372104
23 11 26.43999196104
24 11 26.44537224672
25 11 26.45127435384
26 11 26.4616969932
27 11 26.46073449936
28 11 26.46591742368
29 11 26.47242785376
30 11 26.47629139176
31 11 26.48570554224
32 11 26.48153378304
33 11 26.5009866912
34 11 26.50622640624
35 11 26.50753495152
36 11 26.51385613968
37 11 26.52626327904
38 11 26.52579280512
39 11 26.52043415616
40 11 26.51417787816
41 11 26.50475288664
42 11 26.49736646424
43 11 26.4846105972
44 11 26.47717817976
45 11 26.46144284112
46 11 26.45372388456
47 11 26.4453181776
48 11 26.44159793184
49 11 26.4413518992
50 11 26.44797591072
51 11 26.45826333192
52 11 26.46355983768
53 11 26.47812987792
54 11 26.49129942816
55 11 26.4992049504
56 11 26.51487814584
57 11 26.52086675448
58 11 26.53858387152
59 11 26.539349004
60 11 26.54849820672
0 12 26.65270563984
1 12 26.58402438552
2 12 26.57197686024
3 12 26.557301358
4 12 26.53529622408
5 12 26.53342526016
6 12 26.55847745208
7 12 26.54867665296
8 12 26.53813235808
9 12 26.52802066152
10 12 26.52484382856
11 12 26.52009078096
12 12 26.52018272568
13 12 26.52563059776
14 12 26.52729063768
15 12 26.53133262192
16 12 26.52313783896
17 12 26.50839742656
18 12 26.50301441928
19 12 26.51242861512
20 12 26.53120017072
21 12 26.53173006624
22 12 26.54101176552
23 12 26.5482765324
24 12 26.55483291216
25 12 26.55377035416
26 12 26.56201657536
27 12 26.56504467288
28 12 26.5716632412
29 12 26.57416951728
30 12 26.57182005072
31 12 26.57855487672
32 12 26.5839703164
33 12 26.58672806832
34 12 26.59549874184
35 12 26.59718046384
36 12 26.59894324416
37 12 26.60427758016
38 12 26.6042802564
39 12 26.59844305944
40 12 26.59427941968
41 12 26.58597373152
42 12 26.574810318
43 12 26.56617209568
44 12 26.55096665256
45 12 26.54147679624
46 12 26.53411201056
47 12 26.52931568952
48 12 26.52808824792
49 12 26.53236002592
50 12 26.54272047672
51 12 26.55622528272
52 12 26.56309532688
53 12 26.58479763744
54 12 26.58473277264
55 12 26.60351512392
56 12 26.6089657176
57 12 26.62939731312
58 12 26.6265395424
59 12 26.63850056616
60 12 26.64752543712
0 13 26.64764437104
1 13 26.62960551552
2 13 26.6229842256
3 13 26.61565187232
4 13 26.59268424456
5 13 26.59496612472
6 13 26.60368277448
7 13 26.58839894928
8 13 26.58276178992
9 13 26.57202013368
10 13 26.56364685912
11 13 26.5533378012
12 13 26.55089094672
13 13 26.55044755272
14 13 26.55461119248
15 13 26.57396947968
16 13 26.56023755616
17 13 26.55127759536
18 13 26.55033669288
19 13 26.57226344472
20 13 26.58001487904
21 13 26.5865388264
22 13 26.60187672072
23 13 26.6007600936
24 13 26.61168831552
25 13 26.62244348904
26 13 26.61926397984
27 13 26.61959655936
28 13 26.62482271176
29 13 26.62985154816
30 13 26.63565091488
31 13 26.64537600816
32 13 26.64280754352
33 13 26.65343022048
34 13 26.66137629456
35 13 26.66754607104
36 13 26.66273355648
37 13 26.66508842088
38 13 26.66592118512
39 13 26.6634716544
40 13 26.66101400424
41 13 26.647436214
42 13 26.63691623208
43 13 26.622573264
44 13 26.6142351888
45 13 26.59753463472
46 13 26.59274103528
47 13 26.5826725668
48 13 26.57325029688
49 13 26.57382346584
50 13 26.58237246504
51 13 26.58854224152
52 13 26.60362870536
53 13 26.61421355208
54 13 26.6276345328
55 13 26.63298510768
56 13 26.648766396
57 13 26.65244336832
58 13 26.67289664592
59 13 26.66946026304
60 13 26.68009650264
0 14 26.68666100184
1 14 26.6611140684
2 14 26.64546523128
3 14 26.63821130544
4 14 26.61698209968
5 14 26.61473265192
6 14 26.65522275696
7 14 26.6435699544
8 14 26.62896476016
9 14 26.61696046296
10 14 26.610947496
11 14 26.59928389776
12 14 26.59492289664
13 14 26.59356023688
14 14 26.59253015664
15 14 26.59177581984
16 14 26.58898563552
17 14 26.5803798456
18 14 26.57005994664
19 14 26.58073401648
20 14 26.59539872304
21 14 26.60273919576
22 14 26.61752551248
23 14 26.62566355008
24 14 26.61781214232
25 14 26.62820230392
26 14 26.631257436
27 14 26.63473437072
28 14 26.64050398128
29 14 26.64061216488
30 14 26.64119345328
31 14 26.6451083388
32 14 26.65257314328
33 14 26.660019078
34 14 26.66865185712
35 14 26.6666511636
36 14 26.67712515048
37 14 26.67865813704
38 14 26.6818971132
39 14 26.67691699344
40 14 26.67266413056
41 14 26.6649776064
42 14 26.6568395688
43 14 26.63880878736
44 14 26.62821042336
45 14 26.61614126136
46 14 26.60555369304
47 14 26.59721289624
48 14 26.5939576812
49 14 26.5947796044
50 14 26.60331776256
51 14 26.61469749792
52 14 26.6253769656
53 14 26.63144672328
54 14 26.64502183728
55 14 26.65676114136
56 14 26.67578684904
57 14 26.67660605064
58 14 26.6890456224
59 14 26.69341746456
60 14 26.70772255704
0 15 26.79141456936
1 15 26.73044959536
2 15 26.72800274088
3 15 26.7190319844
4 15 26.69534517384
5 15 26.37910269288
6 15 25.62878111472
7 15 25.22611590408
8 15 25.0528135788
9 15 24.98929093584
10 15 24.98020931952
11 15 25.02021275712
12 15 25.07779546272
13 15 25.140244752
14 15 25.24067787024
15 15 25.30954296864
16 15 25.36073689968
17 15 25.46881054704
18 15 25.53938707824
19 15 25.63012213776
20 15 25.7053840848
21 15 25.78647787632
22 15 25.85394788256
23 15 25.93335999744
24 15 26.00321462424
25 15 26.0849923992
26 15 26.1417559032
27 15 26.1980029836
28 15 26.236776258
29 15 26.30335675464
30 15 26.3465694576
31 15 26.38838167056
32 15 26.42814451872
33 15 26.46780730272
34 15 26.500235076
35 15 26.53612894296
36 15 26.5707034236
37 15 26.59712367312
38 15 26.60610522528
39 15 26.61969657816
40 15 26.62922970792
41 15 26.6260609944
42 15 26.62897827744
43 15 26.62666124328
44 15 26.62415764344
45 15 26.62145668224
46 15 26.61882058584
47 15 26.61720381936
48 15 26.61915044376
49 15 26.62938651744
50 15 26.63760298248
51 15 26.64872044632
52 15 26.66568866976
53 15 26.67285065088
54 15 26.68673938392
55 15 26.69850037008
56 15 26.72033785344
57 15 26.71819114608
58 15 26.73540268056
59 15 26.7407478576
60 15 26.7551042976
0 16 26.8374066156
1 16 26.77698509976
2 16 26.7755224212
3 16 26.76444818544
4 16 26.7489210492
5 16 26.73910940904
6 16 26.79209047872
7 16 26.75544499656
8 16 26.75016200808
9 16 26.73636249816
10 16 26.72318482848
11 16 26.69846789232
12 16 26.71516577016
13 16 26.70847689384
14 16 26.71407077976
15 16 26.71407077976
16 16 26.71295143104
17 16 26.71375171752
18 16 26.70824705472
19 16 26.71050194568
20 16 26.72632106424
21 16 26.73884446128
22 16 26.73988538256
23 16 26.73244216944
24 16 26.76203653032
25 16 26.75888673192
26 16 26.76252047616
27 16 26.76448061784
28 16 26.77274575416
29 16 26.77679313624
30 16 26.7774041808
31 16 26.77849105176
32 16 26.77284309672
33 16 26.78108382936
34 16 26.79355315728
35 16 26.80282133928
36 16 26.80161548904
37 16 26.79722745336
38 16 26.78932193112
39 16 26.78057284896
40 16 26.77489246152
41 16 26.76548910672
42 16 26.75672922888
43 16 26.7513462216
44 16 26.73751427928
45 16 26.72936540064
46 16 26.71950785616
47 16 26.71552261728
48 16 26.71213222944
49 16 26.7152360328
50 16 26.71997288688
51 16 26.73348309072
52 16 26.73948521664
53 16 26.75941127496
54 16 26.76282869736
55 16 26.77645248264
56 16 26.78701841424
57 16 26.8009260624
58 16 26.8072823592
59 16 26.81092962072
60 16 26.82108191448
0 17 26.83548162792
1 17 26.8061549364
2 17 26.797881726
3 17 26.78695082784
4 17 26.7517571832
5 17 26.73090378504
6 17 26.74036120896
7 17 26.75536929072
8 17 26.74444918824
9 17 26.73803605536
10 17 26.73318571056
11 17 26.731512108
12 17 26.7327774252
13 17 26.73504311184
14 17 26.7365409444
15 17 26.73923110992
16 17 26.73263145672
17 17 26.72737010496
18 17 26.71453581048
19 17 26.715579408
20 17 26.72209795752
21 17 26.73815775624
22 17 26.73877687488
23 17 26.76210139512
24 17 26.75762413632
25 17 26.75866773384
26 17 26.7679953828
27 17 26.76815763552
28 17 26.76606227568
29 17 26.76366141624
30 17 26.76665168352
31 17 26.76482399304
32 17 26.77290796152
33 17 26.7783234012
34 17 26.77940215272
35 17 26.79120096912
36 17 26.8015046292
37 17 4.46264621208
38 17 28.75719653856
39 17 24.83075061432
40 17 23.35772271672
41 17 23.53880890872
42 17 23.88147703704
43 17 24.19853332176
44 17 24.45004463328
45 17 24.6670490052
46 17 24.8613372252
47 17 25.02446022216
48 17 25.16546187288
49 17 25.28373916152
50 17 25.4406681144
51 17 25.510109058
52 17 25.59638577384
53 17 25.66905761952
54 17 25.7377983408
55 17 25.80791796072
56 17 25.85441019168
57 17 25.90597181088
58 17 25.95145831992
59 17 25.99992965304
60 17 26.02831276584
0 18 26.4472675236
1 18 26.21714222736
2 18 26.22345257448
3 18 26.23338859176
4 18 26.21213502768
5 18 26.24593630176
6 18 26.28248176512
7 18 26.27991865296
8 18 26.2620798804
9 18 26.26781705856
10 18 26.2831117248
11 18 26.28262233576
12 18 26.30406514176
13 18 26.30639029536
14 18 26.32056289128
15 18 26.3311180272
16 18 26.33258070576
17 18 26.33714178984
18 18 26.34160825296
19 18 26.35369633008
20 18 26.37517156848
21 18 26.39660081184
22 18 26.41002723576
23 18 26.42882854752
24 18 26.4395783232
25 18 26.44477744104
26 18 26.45341298712
27 18 26.46120764952
28 18 26.46110218752
29 18 26.46633378312
30 18 26.47057852656
31 18 26.46566059536
32 18 26.4758533956
33 18 26.48947178304
34 18 26.50569646536
35 18 26.5135668336
36 18 26.5157540928
37 18 26.49902922576
38 18 26.44825165416
39 18 22.98316483008
40 18 20.0192824188
41 18 24.44046550848
42 18 21.9065242284
43 18 25.17632790624
44 18 24.5336663376
45 18 24.74473349376
46 18 24.94738682352
47 18 25.11615777552
48 18 25.26396723648
49 18 25.3917695808
50 18 25.50309576696
51 18 25.60002219432
52 18 25.6866801156
53 18 25.788648942
54 18 25.83300526128
55 18 25.89643600488
56 18 25.9502037984
57 18 25.99164292536
58 18 26.02699605576
59 18 26.06776734744
60 18 26.10581336496
0 19 26.44068950712
1 19 26.25211415232
2 19 26.25565595184
3 19 26.25432849144
4 19 26.24906981592
5 19 26.28049726512
6 19 26.31609914976
7 19 26.32871444616
8 19 26.32995812664
9 19 26.3187703548
10 19 26.31861626688
11 19 26.31701029608
12 19 26.32146052032
13 19 26.32873608288
14 19 26.3531366784
15 19 26.35386398064
16 19 26.362780668
17 19 26.36069882544
18 19 26.35841422368
19 19 26.37342230544
20 19 26.40726948384
21 19 26.41266873
22 19 26.42760106056
23 19 26.45529742296
24 19 26.45395367832
25 19 26.46822906
26 19 26.46647167752
27 19 26.47549382688
28 19 26.48066591016
29 19 26.472571146
30 19 24.9206962284
31 19 26.51580548568
32 19 26.20999916136
33 19 26.25666716232
34 19 26.32645687896
35 19 26.34741841536
36 19 26.3609989272
37 19 26.27908053624
38 19 18.71683424856
39 19 21.99252919248
40 19 8.29470541536
41 19 30.5734954896
42 19 23.32701449568
43 19 17.88415088544
44 19 24.68316287304
45 19 23.905850598
46 19 23.74571510136
47 19 24.0258636324
48 19 24.29560036512
49 19 24.52630155192
50 19 24.7297281336
51 19 24.89298902496
52 19 25.0269665436
53 19 25.15661277192
54 19 25.266249162
55 19 25.36550074296
56 19 25.48086891336
57 19 25.53207096384
58 19 25.59981131568
59 19 25.6524571296
60 19 25.6954373172
0 20 25.50174662448
1 20 25.7118485652
2 20 25.732469448
3 20 25.75105171632
4 20 25.75645636032
5 20 25.81083252216
6 20 25.82416700136
7 20 25.87222737288
8 20 25.85221753464
9 20 25.86651450768
10 20 25.88405862168
11 20 25.90468757856
12 20 25.9083537552
13 20 25.92711179352
14 20 25.94764612944
15 20 25.95967478496
16 20 25.97023799496
17 20 25.96902134904
18 20 25.97293623456
19 20 25.99145908128
20 20 26.03041347816
21 20 26.06082704064
22 20 26.09103779856
23 20 26.10807093216
24 20 26.13411805032
25 20 26.14235610672
26 20 26.15385209976
27 20 26.17186664232
28 20 26.16807069072
29 20 26.17788228552
30 20 26.20104999624
31 20 26.21351120472
32 20 26.2194755004
33 20 26.19855723744
34 20 26.22613462056
35 20 26.27983487304
36 20 26.28877047552
37 20 26.1881913888
38 20 14.88630363192
39 20 22.96885433976
40 20 15.9290240256
41 20 25.51525415208
42 20 21.65653238616
43 20 15.97497148296
44 20 19.58874376032
45 20 23.30239490208
46 20 21.28792124088
47 20 23.24095677792
48 20 23.22509706216
49 20 23.544670464
50 20 23.8219044336
51 20 24.0730183008
52 20 24.2880922872
53 20 24.46345749456
54 20 24.63313963824
55 20 24.76278586656
56 20 24.88720589712
57 20 24.98961267432
58 20 24.92055293616
59 20 25.0955910072
60 20 25.2929505528
0 21 24.90926782176
1 21 25.23744429192
2 21 25.29400226976
3 21 25.33927517856
4 21 25.35653810592
5 21 25.43319786672
6 21 25.44157653912
7 21 25.47458020296
8 21 25.51428621504
9 21 25.53272251488
10 21 25.56619932888
11 21 25.60654074384
12 21 25.64242653672
13 21 25.66533737376
14 21 25.68913504416
15 21 25.71346805328
16 21 25.73416464192
17 21 25.75645908192
18 21 25.7678874432
19 21 25.77614446008
20 21 25.8287875524
21 21 25.86149651232
22 21 25.86350532528
23 21 25.91114126328
24 21 25.92756063072
25 21 25.93982715408
26 21 25.94800034568
27 21 25.94655925848
28 21 25.73044439616
29 21 25.99948625904
30 21 25.95254246928
31 21 25.80271607592
32 21 25.7373197928
33 21 25.69541568048
34 21 25.92839602584
35 21 24.31150330896
36 21 25.88843314008
37 21 25.21704780504
38 21 7.22658065472
39 21 20.85160077
40 21 10.1567531016
41 21 22.42535785056
42 21 20.8568729628
43 21 18.06533977248
44 21 20.88682684704
45 21 8.1365409468
46 21 21.77015396976
47 21 7.1916857964
48 21 21.42750208032
49 21 20.60826133464
50 21 19.69739329824
51 21 20.17840942656
52 21 20.66189667696
53 21 21.08600056584
54 21 21.47848644816
55 21 21.82953460968
56 21 22.14299638656
57 21 22.4177389128
58 21 22.66392536856
59 21 22.98027462696
60 21 23.11464147048
0 22 23.14336519152
1 22 23.61243517416
2 22 23.75043299496
3 22 23.84615901528
4 22 23.91892552728
5 22 24.03040580136
6 22 24.06886545672
7 22 24.20163440352
8 22 24.23390541264
9 22 24.29410525416
10 22 24.35576777424
11 22 24.40234655208
12 22 24.46444162512
13 22 24.51786341256
14 22 24.5806128036
15 22 24.6242039904
16 22 24.66310164192
17 22 24.70046902848
18 22 24.72996064896
19 22 24.73951809168
20 22 24.81603456024
21 22 24.85582172136
22 22 24.8997319704
23 22 24.9375833028
24 22 24.96584743632
25 22 24.93753735312
26 22 25.00727844384
27 22 15.79504519152
28 22 30.57058364976
29 22 24.67945074672
30 22 24.3335300796
31 22 24.5236113864
32 22 24.64518716352
33 22 24.72906574152
34 22 24.78005147016
35 22 24.88040888256
36 22 24.94316367144
37 22 24.96667475736
38 22 24.91549166736
39 22 24.7871377908
40 22 8.90448366024
41 22 4.88093689944
42 22 26.58199665744
43 22 20.56915956312
44 22 0.3959315399592
45 22 26.96177257704
46 22 17.92333239984
47 22 19.54255299192
48 22 19.19073969792
49 22 20.304070416
50 22 20.7050201568
51 22 21.11955580728
52 22 21.67276654872
53 22 21.910798728
54 22 22.19361710328
55 22 22.45594577688
56 22 22.68536409216
57 22 22.89082652136
58 22 23.07117461544
59 22 23.2193571624
60 22 23.36072377968
0 23 22.95495748728
1 23 23.47408313712
2 23 23.59771639848
3 23 23.70410569296
4 23 23.78508590304
5 23 23.90104075968
6 23 24.0169388256
7 23 24.06256050744
8 23 24.11478184248
9 23 24.17215634568
10 23 24.21603416232
11 23 24.28294179528
12 23 24.3246404268
13 23 24.37233583176
14 23 24.42184808616
15 23 24.46739946
16 23 24.50276882928
17 23 24.53745416976
18 23 24.5569475844
19 23 24.58283789304
20 23 24.64166700072
21 23 24.65450941464
22 23 24.69815739216
23 23 24.72990657984
24 23 24.75951981048
25 23 24.7817358684
26 23 24.80742609408
27 23 23.70468425976
28 23 25.00435308672
29 23 24.6970029348
30 23 24.5536680564
31 23 24.73942886856
32 23 24.76750376016
33 23 24.81829212744
34 23 24.86753671248
35 23 24.91126039584
36 23 24.91158213432
37 23 24.91356123648
38 23 24.90330892392
39 23 23.67623356056
40 23 24.62692391208
41 23 21.30301446336
42 23 24.74028322416
43 23 19.16803837872
44 23 22.60608311304
45 23 2.328855175584
46 23 29.0896285932
47 23 21.09475912824
48 23 1.061225418456
49 23 28.57255502976
50 23 20.18544163272
51 23 19.86444070632
52 23 20.28974101056
53 23 20.7402029604
54 23 21.32143048728
55 23 21.57192246888
56 23 21.89356823304
57 23 22.16296295136
58 23 22.41193686984
59 23 22.62565087272
60 23 22.81986066528
0 24 23.0459683356
1 24 23.32988306208
2 24 23.48372440512
3 24 23.54259946248
4 24 23.614938774
5 24 23.70018536424
6 24 23.76905046264
7 24 23.88017928744
8 24 23.9325168348
9 24 23.99018064408
10 24 24.04194506784
11 24 24.09920603496
12 24 24.17326213176
13 24 24.21486886392
14 24 24.25645395936
15 24 24.30515780784
16 24 24.34548030768
17 24 24.38183920536
18 24 24.39304321608
19 24 24.42216982464
20 24 24.46215162552
21 24 24.44832780264
22 24 24.51674678544
23 24 24.56243872992
24 24 24.59834343792
25 24 24.6240012312
26 24 24.51696845976
27 24 24.70485710952
28 24 24.64535209248
29 24 24.6501240552
30 24 24.48410001408
31 24 24.55297862976
32 24 24.71291671968
33 24 24.72120344736
34 24 24.74647191576
35 24 24.75965502864
36 24 24.78376899432
37 24 24.79218009912
38 24 24.76314003744
39 24 24.69359363184
40 24 24.64379207136
41 24 24.2913393828
42 24 18.018859698
43 24 27.08922614832
44 24 20.9538385812
45 24 26.21700705456
46 24 24.27963251112
47 24 24.24580152624
48 24 23.52573125784
49 24 20.55451785408
50 24 25.17792308136
51 24 23.95396503864
52 24 24.030102978
53 24 24.16750603848
54 24 24.2870648832
55 24 24.4411063092
56 24 24.49982451168
57 24 24.57611390808
58 24 24.6443787576
59 24 24.69316375512
60 24 24.74464427064
0 25 24.15534493176
1 25 24.51696578352
2 25 24.57110938464
3 25 24.6399042204
4 25 24.66887669568
5 25 24.72516704952
6 25 24.78678089832
7 25 24.7753038204
8 25 24.8204712672
9 25 24.84981959544
10 25 24.87344961528
11 25 24.90074313552
12 25 24.92480579904
13 25 24.95575737648
14 25 24.989764086
15 25 25.00984690848
16 25 25.02591482664
17 25 25.04186916336
18 25 25.04703045096
19 25 25.0578396936
20 25 25.08703388856
21 25 25.09863801984
22 25 25.12659393216
23 25 25.12877039568
24 25 25.14880454688
25 25 25.17460023456
26 25 23.48624152224
27 25 14.94583972056
28 25 28.345693068
29 25 24.06598604928
30 25 21.96241713792
31 25 23.77843757856
32 25 23.8648846212
33 25 24.04521107856
34 25 24.18686428032
35 25 24.3096648228
36 25 24.44949305568
37 25 24.49757506392
38 25 24.4991621196
39 25 24.51772012032
40 25 24.4256494356
41 25 24.612580944
42 25 24.29541379944
43 25 24.76899887112
44 25 24.69411273168
45 25 24.7083556356
46 25 24.73971545304
47 25 24.7720242924
48 25 24.80374912176
49 25 24.82839302832
50 25 24.85615430088
51 25 24.89018532336
52 25 24.92129103408
53 25 24.95110706928
54 25 24.9851489328
55 25 25.01170435512
56 25 25.04020907808
57 25 25.08075597384
58 25 25.09665351984
59 25 25.11749067912
60 25 25.14043131768
0 26 24.41724372864
1 26 24.79328593056
2 26 24.83266480632
3 26 24.87974104728
4 26 24.92283481632
5 26 24.98359703112
6 26 25.04684388528
7 26 25.0581506364
8 26 25.06509634104
9 26 25.08693114816
10 26 25.10260429824
11 26 25.13442919176
12 26 25.14976168824
13 26 25.17737422536
14 26 25.19695686312
15 26 25.23228568056
16 26 25.23356723664
17 26 25.243989876
18 26 25.2507922884
19 26 25.2510653556
20 26 25.270556094
21 26 25.29259638192
22 26 25.3103567724
23 26 25.31939511528
24 26 25.32934192824
25 26 25.33221049464
26 26 25.32597313176
27 26 25.32848757264
28 26 25.32651658992
29 26 25.323758838
30 26 25.32101192712
31 26 25.33735826496
32 26 25.3834963704
33 26 25.4248678656
34 26 25.43339794968
35 26 25.4212098084
36 26 25.41217686336
37 26 25.41162260952
38 26 25.38415876248
39 26 25.35423458904
40 26 24.51787692984
41 26 25.3670824008
42 26 24.52372224624
43 26 25.3292959332
44 26 25.13153894328
45 26 25.13075757192
46 26 25.15286816784
47 26 25.16752203336
48 26 25.20321586272
49 26 25.22294723592
50 26 25.2439222896
51 26 25.27887525408
52 26 25.2953081388
53 26 25.3243049724
54 26 25.34619657024
55 26 25.37279794224
56 26 25.39539788184
57 26 25.41865753728
58 26 25.43581772424
59 26 25.4588583816
60 26 25.4752020432
0 27 24.84487998216
1 27 25.1070761592
2 27 25.12834051896
3 27 25.14485183112
4 27 25.1797020552
5 27 25.24289756184
6 27 25.3137038868
7 27 25.3451962008
8 27 25.34389305336
9 27 25.352717796
10 27 25.35328556712
11 27 25.36674714504
12 27 25.37916508008
13 27 25.4084214636
14 27 25.41342054384
15 27 25.43795631216
16 27 25.45233171264
17 27 25.46276514768
18 27 25.46524443456
19 27 25.46343026136
20 27 25.48684132848
21 27 25.49587427352
22 27 25.52008830336
23 27 25.52418163512
24 27 25.53781893768
25 27 25.53467998032
26 27 25.53738633936
27 27 25.52711783328
28 27 25.52549022576
29 27 25.523240778
30 27 25.52055061248
31 27 25.52852644272
32 27 25.54668695376
33 27 25.60708687824
34 27 25.64574389496
35 27 23.70817199016
36 27 25.52319750456
37 27 25.1804591136
38 27 25.21050222096
39 27 25.24341398544
40 27 21.46250779848
41 27 3.931208415792
42 27 2.022692639184
43 27 27.13459907592
44 27 19.24215938568
45 27 19.72896671592
46 27 18.43835927472
47 27 20.7924851232
48 27 16.67818302696
49 27 20.1618981144
50 27 19.02919831344
51 27 21.38129911008
52 27 21.54731643792
53 27 21.7299856032
54 27 22.03202976912
55 27 22.30997616288
56 27 22.5587837916
57 27 22.77419035752
58 27 22.96911928752
59 27 23.13788756328
60 27 23.29237238328
0 28 23.05831596264
1 28 23.479806798
2 28 23.58393040584
3 28 23.67088570728
4 28 23.74169475384
5 28 23.85057413088
6 28 23.98330792368
7 28 24.04120964616
8 28 24.09429073464
9 28 24.1293005352
10 28 24.19739505792
11 28 24.22834663536
12 28 24.27360602688
13 28 24.31604819952
14 28 24.36387605568
15 28 24.4013056308
16 28 24.43579088832
17 28 24.4704789504
18 28 24.48348896952
19 28 24.51020120136
20 28 24.56954940888
21 28 24.60235298976
22 28 24.62521787712
23 28 24.65681832936
24 28 24.68998420056
25 28 20.70846325296
26 28 24.7576596876
27 28 24.23178029664
28 28 24.1149007764
29 28 24.19565663592
30 28 24.27313287672
31 28 24.36072897888
32 28 24.3970662852
33 28 24.46296815088
34 28 24.55211615472
35 28 24.50711359152
36 28 24.50881422864
37 28 24.60990429576
38 28 18.0005315364
39 28 0.2256517392696
40 28 15.40916975808
41 28 0.1352625751512
42 28 3.3420290904
43 28 17.52131066616
44 28 8.71116877512
45 28 17.17096281768
46 28 16.64664340248
47 28 7.62137209512
48 28 21.43915216128
49 28 14.80209388056
50 28 13.75719158016
51 28 18.1216098504
52 28 17.87141388816
53 28 18.277702002
54 28 18.69310144296
55 28 19.07687475792
56 28 19.43617181688
57 28 19.76316407352
58 28 20.0622288132
59 28 20.33457048
60 28 20.57405454216
0 29 21.86995712832
1 29 21.52826773272
2 29 21.6756878688
3 29 21.78922426632
4 29 21.9081301992
5 29 22.00148647704
6 29 22.21725932496
7 29 22.352944194
8 29 22.38260069808
9 29 22.48116289776
10 29 22.54481935272
11 29 22.62024627408
12 29 22.69324797768
13 29 22.76145336024
14 29 22.83129179352
15 29 22.8924433332
16 29 22.955422518
17 29 23.00721665256
18 29 23.06003551488
19 29 23.1034780116
20 29 23.2053386544
21 29 23.24077833168
22 29 23.29942627152
23 29 23.32290760128
24 29 1.537147219608
25 29 26.50781074032
26 29 20.40768304344
27 29 19.91818287144
28 29 20.17587339432
29 29 20.55273611328
30 29 20.893726602
31 29 21.19905982152
32 29 21.4691966748
33 29 21.70383978168
34 29 22.00279366152
35 29 22.13562075984
36 29 22.28236634736
37 29 19.77030850032
38 29 12.42095569848
39 29 4.92398299512
40 29 0.001771902025488
41 29 1.494754403184
42 29 11.33790264432
43 29 11.44545787224
44 29 16.9039689588
45 29 7.09913656368
46 29 19.77614302104
47 29 15.80189087736
48 29 16.56382874328
49 29 17.0672393304
50 29 17.19770339952
51 29 18.21147839784
52 29 18.45954248544
53 29 18.79439839704
54 29 19.24837375104
55 29 19.46351396304
56 29 19.73637477504
57 29 19.97842866264
58 29 20.20431325248
59 29 20.40502671648
60 29 20.59295723352
0 30 20.59467406416
1 30 21.09367493352
2 30 21.30918151824
3 30 21.38981567688
4 30 21.49033797288
5 30 21.61946374056
6 30 21.84758698248
7 30 22.0084186644
8 30 21.96384466248
9 30 22.01658237576
10 30 22.08281682096
11 30 22.14131334912
12 30 22.21287396552
13 30 22.30005234744
14 30 22.36523775192
15 30 22.41858111192
16 30 22.47654366216
17 30 22.5278741268
18 30 22.56273791352
19 30 22.60216278432
20 30 22.66165292328
21 30 22.71711595608
22 30 22.78224184824
23 30 22.82051765952
24 30 22.86557429184
25 30 21.58635193848
26 30 23.02795107144
27 30 22.72587311232
28 30 22.75582971816
29 30 22.81418027784
30 30 22.87598609016
31 30 22.9212292428
32 30 22.96012961592
33 30 23.03424250344
34 30 23.06608898832
35 30 23.10851496744
36 30 23.10861498624
37 30 15.46838410824
38 30 9.01087495056
39 30 0.0913304839104
40 30 12.36022455528
41 30 0.3379571108424
42 30 5.10716454696
43 30 19.64362686552
44 30 16.27948414008
45 30 15.78262049784
46 30 15.893806068
47 30 16.75838327184
48 30 13.41416252232
49 30 6.32672062848
50 30 18.12827441376
51 30 18.4242826152
52 30 17.30880246816
53 30 17.70583324104
54 30 18.1078644096
55 30 18.48361866624
56 30 18.82427793624
57 30 19.12967602056
58 30 19.41241737456
59 30 19.67201265456
60 30 19.90450769328
0 31 19.27253643336
1 31 20.29888885248
2 31 20.49239161872
3 31 20.68716650616
4 31 20.85604019856
5 31 21.02519240136
6 31 21.2818501224
7 31 21.36475536552
8 31 21.40896304008
9 31 21.50319526488
10 31 21.6448471512
11 31 21.71354187744
12 31 21.78140665176
13 31 21.85019872056
14 31 21.96580480416
15 31 22.031666118
16 31 22.09141176984
17 31 22.14283957704
18 31 22.19600988864
19 31 22.24124628264
20 31 22.29860187072
21 31 22.3884027864
22 31 22.41747396504
23 31 22.47109715088
24 31 22.49445142728
25 31 21.07849248792
26 31 19.76254490952
27 31 22.45399643088
28 31 22.07209811688
29 31 21.89016704952
30 31 22.33662080832
31 31 21.97864045944
32 31 20.7842781384
33 31 22.32465978456
34 31 22.34874676104
35 31 22.34567811168
36 31 22.32971025768
37 31 0.713567091384
38 31 6.89801485968
39 31 2.012736890304
40 31 10.83696522048
41 31 1.501343746056
42 31 1.523403974232
43 31 15.23901047256
44 31 16.43228859888
45 31 15.2861664564
46 31 12.87996800832
47 31 17.5080208212
48 31 6.76842270048
49 31 20.861312346
50 31 17.43488526024
51 31 17.18536792896
52 31 17.55355867776
53 31 17.91858071304
54 31 18.25976044368
55 31 18.55824933816
56 31 18.85065899472
57 31 19.10822377968
58 31 19.44875332008
59 31 19.59030514224
60 31 19.784239146
0 32 19.46080084536
1 32 20.2621217148
2 32 20.4344493444
3 32 20.57321234304
4 32 20.70001295712
5 32 20.82726912168
6 32 21.11600180592
7 32 21.20109566904
8 32 21.24134246304
9 32 21.31284769488
10 32 21.38710251384
11 32 21.47043631824
12 32 21.53690595504
13 32 21.60649699488
14 32 21.67441579296
15 32 21.73047494688
16 32 21.79629031104
17 32 21.87003419496
18 32 21.90671210952
19 32 21.96500723928
20 32 22.01786660808
21 32 22.0864816368
22 32 22.14639620928
23 32 22.19406054264
24 32 22.22341694496
25 32 16.37362714176
26 32 24.36477096312
27 32 5.83123044168
28 32 25.1570345292
29 32 20.5522467696
30 32 19.87239217824
31 32 20.13711495264
32 32 20.43351928296
33 32 20.68527259008
34 32 20.884324608
35 32 21.01883338296
36 32 21.34354648104
37 32 21.43308380976
38 32 0.86632721532
39 32 15.5209312188
40 32 0.4807945674
41 32 0.4177923746472
42 32 11.226240522
43 32 9.26145483984
44 32 16.0963688592
45 32 15.04382598432
46 32 9.84371380776
47 32 9.399519612
48 32 9.5107511772
49 32 17.06815587456
50 32 13.17933012816
51 32 16.30660461192
52 32 16.35021612
53 32 16.75482795504
54 32 17.14966602552
55 32 17.50940507232
56 32 17.83879142976
57 32 18.13651383096
58 32 18.41153618304
59 32 18.65578141224
60 32 18.9840930552
0 33 18.2487754764
1 33 19.30527106704
2 33 19.50968450088
3 33 19.71439263864
4 33 19.89647779392
5 33 20.03242897152
6 33 20.22095837664
7 33 20.46444922368
8 33 20.6035353216
9 33 20.6522946
10 33 20.74603748112
11 33 20.85573066192
12 33 20.949399198
13 33 21.0381916248
14 33 21.121315866
15 33 21.19725376776
16 33 21.2566898376
17 33 21.32112090528
18 33 21.35607119352
19 33 21.44339422848
20 33 21.48734639016
21 33 21.54949825392
22 33 21.60731483568
23 33 21.6602309952
24 33 21.68405030232
25 33 2.893848344856
26 33 22.86998396424
27 33 17.75546715096
28 33 15.78802378104
29 33 18.8540588628
30 33 18.83133182448
31 33 19.34859462984
32 33 19.54271787552
33 33 19.82962155384
34 33 20.08599536664
35 33 20.3056101612
36 33 6.28289892216
37 33 24.1607928492
38 33 0.3906379717128
39 33 1.18606697496
40 33 2.044099424808
41 33 -0.00718727807448
42 33 3.367622000736
43 33 12.3282415368
44 33 13.08320530272
45 33 13.6906921872
46 33 3.3804792882
47 33 16.26645919752
48 33 1.483912700928
49 33 22.04614965672
50 33 14.4470713212
51 33 15.15645264168
52 33 15.55322381928
53 33 15.97681001448
54 33 16.38088111296
55 33 16.74604644048
56 33 17.0760965508
57 33 17.37939251664
58 33 17.65589650776
59 33 18.01561663944
60 33 18.09222641352
0 34 18.9486993276
1 34 19.11954268728
2 34 19.25788524408
3 34 19.39992509448
4 34 19.53262917648
5 34 19.64481239448
6 34 19.74216738312
7 34 19.86279146208
8 34 19.969702578
9 34 20.104320852
10 34 20.16872084808
11 34 20.25344969928
12 34 20.27544535296
13 34 20.40115909608
14 34 20.4976083816
15 34 20.56837143312
16 34 20.6348180724
17 34 20.70607187376
18 34 20.78722377144
19 34 20.80959527808
20 34 20.93078173032
21 34 20.9674812816
22 34 21.03521492016
23 34 21.0930760908
24 34 21.14955568656
25 34 21.20089830768
26 34 18.9317770992
27 34 21.6071958564
28 34 20.9404392372
29 34 21.13090714728
30 34 20.69029058544
31 34 21.2976530928
32 34 21.26285956872
33 34 21.32781921648
34 34 21.38404602096
35 34 21.09947838264
36 34 20.95888905432
37 34 0.588415458456
38 34 28.15351912296
39 34 2.599336075392
40 34 0.245109436992
41 34 0.1249523215416
42 34 5.98881906504
43 34 0.889871418576
44 34 15.14127967632
45 34 14.60707432128
46 34 10.37262601368
47 34 11.36261078064
48 34 10.59969549744
49 34 16.45694062488
50 34 15.48777618864
51 34 15.90643220544
52 34 16.33268416248
53 34 16.72769800296
54 34 17.08899979248
55 34 17.41103084448
56 34 17.70884378424
57 34 17.98042167936
58 34 18.2296281132
59 34 18.4455564552
60 34 18.7412537592
0 35 17.88730739712
1 35 18.91002611736
2 35 19.07879031072
3 35 19.25342286336
4 35 19.40970425688
5 35 19.5563403
6 35 19.68170123304
7 35 19.8088249464
8 35 19.9732903272
9 35 20.05626991536
10 35 20.13183200952
11 35 20.22402434976
12 35 20.30584267656
13 35 20.39019708096
14 35 20.48064015816
15 35 20.5384282992
16 35 20.61210595752
17 35 20.6892591444
18 35 20.76410069496
19 35 20.85545487312
20 35 20.88290787912
21 35 20.9595866004
22 35 21.01442643216
23 35 21.07008678096
24 35 21.12883614576
25 35 21.1704198804
26 35 17.00018300736
27 35 17.80312064328
28 35 20.46728540304
29 35 20.05218334224
30 35 20.49041932056
31 35 20.53859458896
32 35 19.68590950704
33 35 18.0343530864
34 35 19.76408329392
35 35 6.84114798024
36 35 22.2924239748
37 35 19.35391141152
38 35 13.20630730776
39 35 0.977680177488
40 35 1.106630374752
41 35 7.08987854232
42 35 2.351447018424
43 35 0.490396050144
44 35 14.558988276
45 35 15.67814539536
46 35 14.1610855932
47 35 14.51202284952
48 35 13.62775486968
49 35 16.48197793872
50 35 16.25657053608
51 35 16.63402946688
52 35 16.9856872668
53 35 17.3077507512
54 35 17.60202053064
55 35 17.87379719328
56 35 18.12150711
57 35 18.3503616912
58 35 18.55311100272
59 35 18.74704500648
60 35 18.99659613096
0 36 17.72985127032
1 36 18.87261817896
2 36 19.07254487376
3 36 19.25303489928
4 36 19.42471905192
5 36 19.57046023296
6 36 19.70328460968
7 36 19.83073006152
8 36 19.99580376528
9 36 20.05973600904
10 36 20.15630695008
11 36 20.19580884216
12 36 20.31666139944
13 36 20.4109288236
14 36 20.46985386768
15 36 20.54090894688
16 36 20.60265932928
17 36 20.66386765968
18 36 20.73455500536
19 36 20.81787796872
20 36 20.8542355056
21 36 20.906583894
22 36 20.97271963584
23 36 21.01079404872
24 36 21.0564211284
25 36 21.11207068152
26 36 21.15225800856
27 36 0.429099319908
28 36 23.55924322584
29 36 19.25427585816
30 36 17.54695766376
31 36 18.3685884732
32 36 18.3561083496
33 36 18.9892867752
34 36 19.25262529848
35 36 19.49824393776
36 36 19.71913216896
37 36 19.9139326848
38 36 4.206938483664
39 36 8.11141304904
40 36 1.312901980992
41 36 0.693644317128
42 36 0.9543575034
43 36 12.37903938432
44 36 15.95266760808
45 36 15.10765684848
46 36 14.86257082632
47 36 14.7835669968
48 36 16.12681213248
49 36 16.44173386632
50 36 16.83423190512
51 36 17.19015204816
52 36 17.51291716104
53 36 17.80011953496
54 36 18.17634830256
55 36 18.35703972648
56 36 18.56390672808
57 36 18.76172998896
58 36 18.94513457592
59 36 19.10912140872
60 36 19.26032125752
0 37 18.5702211576
1 37 19.486691154
2 37 19.70975312712
3 37 19.76530266144
4 37 19.8868554864
5 37 19.98497288592
6 37 20.07722333232
7 37 20.1783093624
8 37 20.25461227608
9 37 20.324626434
10 37 20.34915408288
11 37 20.41945618608
12 37 20.50337799216
13 37 20.60413148808
14 37 20.63642408856
15 37 20.70201773304
16 37 20.7515880936
17 37 20.80935060624
18 37 20.85412464576
19 37 20.917393182
20 37 20.96155758312
21 37 21.00357255528
22 37 21.05945598456
23 37 21.13010953704
24 37 21.13052049864
25 37 21.21161701176
26 37 21.23089818696
27 37 21.26966878512
28 37 11.80195390584
29 37 21.09763853568
30 37 6.53881718448
31 37 25.9766051328
32 37 17.69456976336
33 37 18.14552786088
34 37 19.84964490936
35 37 15.28111598328
36 37 20.18321790408
37 37 19.6752327156
38 37 5.2179526728
39 37 8.8582151448
40 37 13.69806645312
41 37 0.1128037228416
42 37 0.0644529370968
43 37 3.612930409368
44 37 15.7586430204
45 37 12.31739986176
46 37 10.06223361192
47 37 15.55357803552
48 37 15.0420997188
49 37 15.50704520736
50 37 16.19259370344
51 37 16.47729519912
52 37 16.85316975048
53 37 17.1887231628
54 37 17.49524191128
55 37 17.77480239528
56 37 18.0271329084
57 37 18.2546559468
58 37 18.45934380864
59 37 18.6571765044
60 37 18.9036035496
0 38 18.68650315056
1 38 19.39278202848
2 38 19.50566415336
3 38 19.62119049408
4 38 19.72792715544
5 38 19.82717474472
6 38 19.91022191928
7 38 19.99798562664
8 38 20.07158753376
9 38 20.17425658248
10 38 20.22825693672
11 38 20.24576449056
12 38 20.3246588664
13 38 20.40799398624
14 38 20.46288788712
15 38 20.52631182672
16 38 20.58631430688
17 38 20.63222661024
18 38 20.70456592176
19 38 20.7893732004
20 38 20.80757834568
21 38 20.88741625488
22 38 20.92005086976
23 38 20.96339470848
24 38 21.00777270984
25 38 21.04911041184
26 38 21.0919797396
27 38 21.12695438616
28 38 21.16439611776
29 38 21.19940183592
30 38 16.47367229592
31 38 1.587236702688
32 38 24.24091598208
33 38 18.295654356
34 38 16.98670387512
35 38 18.03342302496
36 38 17.00957416032
37 38 18.95955052824
38 38 18.85983926904
39 38 13.1563949328
40 38 2.861987326632
41 38 0.497439355896
42 38 0.1728933486336
43 38 4.58116413552
44 38 12.5320655628
45 38 11.5398888192
46 38 14.74160473296
47 38 14.77715386392
48 38 15.54320270664
49 38 15.83151358824
50 38 16.27182056808
51 38 16.67091830544
52 38 17.02769144328
53 38 17.34986710296
54 38 17.63402654664
55 38 17.90429589648
56 38 18.14377991328
57 38 18.44953080768
58 38 18.59022020016
59 38 18.769636872
60 38 18.93054961224
0 39 18.75405562128
1 39 19.43808600888
2 39 19.54127819448
3 39 19.64724976872
4 39 19.75502467512
5 39 19.8857239812
6 39 19.90752095808
7 39 20.04004523304
8 39 20.04533089776
9 39 20.1301368156
10 39 20.21401534824
11 39 20.26899847224
12 39 20.3235963084
13 39 20.39359694904
14 39 20.45173658472
15 39 20.50064187696
16 39 20.57784101352
17 39 20.61395523936
18 39 20.66453005176
19 39 20.7167810976
20 39 20.77310524464
21 39 20.82266344872
22 39 20.86404578496
23 39 20.92264369272
24 39 20.95850109024
25 39 21.00473513208
26 39 21.04586871408
27 39 21.098746998
28 39 21.13167091896
29 39 21.16443934584
30 39 21.19960191888
31 39 21.23502939432
32 39 14.71983342984
33 39 20.24320550616
34 39 20.46624584256
35 39 20.12765616792
36 39 17.91926877888
37 39 21.228959682
38 39 20.39315219424
39 39 7.98204260952
40 39 0.60380886888
41 39 2.238543755784
42 39 1.406613432168
43 39 1.240353646056
44 39 16.07657933448
45 39 15.63189783624
46 39 15.10399339344
47 39 15.53467398336
48 39 16.06388697144
49 39 16.52853507984
50 39 16.94902014792
51 39 17.3607534576
52 39 17.69445890352
53 39 17.97991069896
54 39 18.25133450616
55 39 18.47293239456
56 39 18.70507330776
57 39 18.90158929344
58 39 19.13968638288
59 39 19.19896831944
60 39 19.45166515992
0 40 19.15102824264
1 40 19.81097165376
2 40 19.91580360336
3 40 19.99878455232
4 40 20.09202860952
5 40 20.17423494576
6 40 20.24128995336
7 40 20.3047585272
8 40 20.41398395568
9 40 20.45697629976
10 40 20.44079484552
11 40 20.54334359952
12 40 20.60064375768
13 40 20.65934980368
14 40 20.71813024008
15 40 20.75821074432
16 40 20.79462103488
17 40 20.84735874816
18 40 20.85336223488
19 40 20.93733811008
20 40 20.97638445168
21 40 21.03046187256
22 40 21.070850598
23 40 21.11436340272
24 40 21.14880407136
25 40 21.19074197688
26 40 21.22810664184
27 40 21.2712855516
28 40 21.29928337656
29 40 21.3500690676
30 40 21.37991485896
31 40 21.39772255992
32 40 21.43283909256
33 40 21.4648897428
34 40 21.48183088632
35 40 21.50630718768
36 40 21.52553161752
37 40 9.55884738312
38 40 17.35594634088
39 40 1.698390353016
40 40 0.4079029534272
41 40 -0.0694474863264
42 40 0.053943341256
43 40 4.31781551964
44 40 15.48589306824
45 40 14.81221505736
46 40 14.67231379488
47 40 15.17248672128
48 40 15.69396859632
49 40 16.17315839496
50 40 16.60099473144
51 40 16.98102344232
52 40 17.47446694056
53 40 17.69658397416
54 40 17.97621208992
55 40 18.22628231424
56 40 18.44457096384
57 40 18.6585053256
58 40 18.84268452528
59 40 19.01001715704
60 40 19.16422890984
0 41 19.5308677116
1 41 19.80699725592
2 41 19.88554825656
3 41 19.96876036008
4 41 20.05982523216
5 41 20.14376867496
6 41 20.19878831376
7 41 20.26965142944
8 41 20.31706020456
9 41 20.37415084488
10 41 20.39175710208
11 41 20.48990022072
12 41 20.54435068224
13 41 20.60362182312
14 41 20.65580532792
15 41 20.70482007384
16 41 20.75009162184
17 41 20.78296147368
18 41 20.82956184288
19 41 20.87692602912
20 41 20.93420323512
21 41 20.97109202832
22 41 21.03391717056
23 41 21.06543647376
24 41 21.10058416872
25 41 21.13556013072
26 41 21.1797880812
27 41 21.2182517736
28 41 21.25304529768
29 41 21.2915968524
30 41 21.3189512004
31 41 21.35631586536
32 41 21.39634774368
33 41 21.42129987144
34 41 21.44460007872
35 41 21.47489869896
36 41 21.50766848664
37 41 21.528654336
38 41 21.5504391564
39 41 21.57110326728
40 41 21.60028394496
41 41 21.6239166864
42 41 21.63933300816
43 41 21.67837934976
44 41 21.71372980392
45 41 21.7409949288
46 41 21.7741310892
47 41 21.79957931928
48 41 21.82742981496
49 41 21.8452496724
50 41 21.86684520552
51 41 21.90249167904
52 41 21.92346945432
53 41 21.9441659976
54 41 21.97238418144
55 41 21.98515225032
56 41 22.00516208856
57 41 22.02117725304
58 41 22.04663632416
59 41 22.05380238768
60 41 22.07466658152
0 42 22.58027930592
1 42 22.32308624616
2 42 22.2989560416
3 42 22.27892184504
4 42 22.26372860376
5 42 22.24691718984
6 42 22.23160229304
7 42 22.21970749488
8 42 22.2130294596
9 42 22.20779110536
10 42 22.19389289208
11 42 22.18254155208
12 42 22.17913088832
13 42 22.17844413792
14 42 22.18327289136
15 42 22.1847139332
16 42 22.1826307752
17 42 22.1840691408
18 42 22.18910877288
19 42 22.20647439528
20 42 22.22199885528
21 42 22.23664192512
22 42 22.24992909384
23 42 22.26922247088
24 42 22.28132542608
25 42 22.29409349496
26 42 22.31555789232
27 42 22.32019740384
28 42 22.33597597056
29 42 22.36078485144
30 42 22.36169327616
31 42 22.38080548536
32 42 22.39603524144
33 42 22.40490461832
34 42 22.4269746624
35 42 22.44251531592
36 42 22.449335328
37 42 22.46798522808
38 42 22.4780942484
39 42 22.49523819648
40 42 22.50457391952
41 42 22.52066615064
42 42 22.51478431944
43 42 22.54414208256
44 42 22.57068938544
45 42 22.59312444144
46 42 22.59793155816
47 42 22.61436580368
48 42 22.63392276768
49 42 22.63891776552
50 42 22.65200757288
51 42 22.66333596072
52 42 22.67239457952
53 42 22.67799930648
54 42 22.6899819216
55 42 22.69436728104
56 42 22.70808568728
57 42 22.71754850904
58 42 22.71407973912
59 42 22.72447802016
60 42 22.72790895984
0 43 23.05585835784
1 43 22.88356175448
2 43 22.85114749848
3 43 22.82349440952
4 43 22.79938579632
5 43 22.77846485712
6 43 22.75400207304
7 43 22.73611730544
8 43 22.72253946984
9 43 22.71112190424
10 43 22.7074557276
11 43 22.69842006096
12 43 22.69481067504
13 43 22.69372380408
14 43 22.69170959328
15 43 22.68923842584
16 43 22.68542895696
17 43 22.68433396656
18 43 22.68284965128
19 43 22.69133378568
20 43 22.71233855016
21 43 22.71550993992
22 43 22.71401482896
23 43 22.72797654624
24 43 22.73917515912
25 43 22.73862902472
26 43 22.76397319896
27 43 22.75815219552
28 43 22.77034841088
29 43 22.78372888512
30 43 22.78648391544
31 43 22.80956512464
32 43 22.80420103248
33 43 22.81905225936
34 43 22.83195686184
35 43 22.83839970552
36 43 22.85645212368
37 43 22.86082392048
38 43 22.8723658632
39 43 22.88550298104
40 43 22.89729100176
41 43 22.89519024408
42 43 22.90631854896
43 43 22.92592282344
44 43 22.93534781496
45 43 22.94500260024
46 43 22.93314159528
47 43 22.95516029184
48 43 22.96645080408
49 43 22.97091722184
50 43 22.98344061888
51 43 22.97841722568
52 43 22.986541746
53 43 22.99762677744
54 43 22.99548274632
55 43 22.99824861768
56 43 23.00894700048
57 43 23.00498072208
58 43 23.00879291256
59 43 23.01709587912
60 43 23.023706328
0 44 23.25561604128
1 44 23.12736490512
2 44 23.09898183768
3 44 23.08365473904
4 44 23.06881430784
5 44 23.0412828744
6 44 23.02580168784
7 44 23.00925522168
8 44 23.00288808384
9 44 22.99709683656
10 44 22.98952117224
11 44 22.98096137736
12 44 22.98008538504
13 44 22.97998532088
14 44 22.97984202864
15 44 22.97827121184
16 44 22.9679053632
17 44 22.95789368544
18 44 22.95674190432
19 44 22.95379491048
20 44 22.96830280752
21 44 22.9803854868
22 44 22.98458155896
23 44 22.98726360504
24 44 22.99935440376
25 44 23.00280158232
26 44 23.00894432424
27 44 23.01384334032
28 44 23.03432632872
29 44 23.03045467128
30 44 23.04330792624
31 44 23.05294647264
32 44 23.05828353024
33 44 23.07362142456
34 44 23.08013185464
35 44 23.08287608928
36 44 23.0953075416
37 44 23.1018396084
38 44 23.11088607072
39 44 23.13146368008
40 44 23.10290212104
41 44 23.15417447952
42 44 23.14140777144
43 44 23.14839402792
44 44 23.17149415224
45 44 23.16735482544
46 44 23.16316687272
47 44 23.17098856968
48 44 23.17550638032
49 44 23.17884814224
50 44 23.18739981768
51 44 23.18826501432
52 44 23.18508278352
53 44 23.18199521904
54 44 23.19072261912
55 44 23.19382102464
56 44 23.19742233648
57 44 23.20782061752
58 44 23.20395707952
59 44 23.20989973848
60 44 23.2078665672
0 45 23.38401046968
1 45 23.29285905072
2 45 23.27621528736
3 45 23.26348101168
4 45 23.25276099216
5 45 23.23097753256
6 45 23.21787556872
7 45 23.20685540208
8 45 23.19136341984
9 45 23.18343353928
10 45 23.17380039072
11 45 23.17327856928
12 45 23.17363546176
13 45 23.17230527976
14 45 23.17184024904
15 45 23.17142928744
16 45 23.16813079896
17 45 23.16216110544
18 45 23.15845165536
19 45 23.15476388736
20 45 23.16917983968
21 45 23.17752335808
22 45 23.18952221208
23 45 23.19208260264
24 45 23.2023619044
25 45 23.2159721724
26 45 23.21097309216
27 45 23.21974648728
28 45 23.22690311592
29 45 23.2358711508
30 45 23.23468426104
31 45 23.24983558968
32 45 23.26334851512
33 45 23.25853872216
34 45 23.26574125512
35 45 23.27460931656
36 45 23.2862053284
37 45 23.2899012612
38 45 23.30620437096
39 45 23.30534189592
40 45 23.31763273224
41 45 23.32725780672
42 45 23.32806349104
43 45 23.33960543376
44 45 23.35596261264
45 45 23.35660341336
46 45 23.36263797168
47 45 23.37270644016
48 45 23.34810036384
49 45 23.3902235196
50 45 23.38843365936
51 45 23.38706020392
52 45 23.39373828456
53 45 23.3919619416
54 45 23.39068310712
55 45 23.40073266048
56 45 23.40193306752
57 45 23.40223049304
58 45 23.40578580984
59 45 23.41031446152
60 45 23.41082544192
0 46 23.48082336096
1 46 23.4524186568
2 46 23.44607315568
3 46 23.44279630392
4 46 23.4373375908
5 46 23.42986194528
6 46 23.41248548184
7 46 23.40157889664
8 46 23.3896395096
9 46 23.3798279148
10 46 23.36655018096
11 46 23.35818774744
12 46 23.35429989648
13 46 23.35269388032
14 46 23.34897363456
15 46 23.3452533888
16 46 23.34055713192
17 46 23.32423510704
18 46 23.31599432904
19 46 23.3087728356
20 46 23.319030546
21 46 23.33077796952
22 46 23.33359251216
23 46 23.34794627592
24 46 23.34998212344
25 46 23.34580764264
26 46 23.36484146976
27 46 23.37056785224
28 46 23.37190887528
29 46 23.376131982
30 46 23.38664656608
31 46 23.39646083712
32 46 23.39205656256
33 46 23.40247380408
34 46 23.40688080024
35 46 23.42269724256
36 46 23.42097769032
37 46 23.43240881856
38 46 23.44556757312
39 46 23.44618397016
40 46 23.45114794176
41 46 23.46665076504
42 46 23.46788904768
43 46 23.47733563056
44 46 23.48984278872
45 46 23.49534205368
46 46 23.5052131608
47 46 23.50964986776
48 46 23.51119365
49 46 23.5212134472
50 46 23.53250123784
51 46 23.52844573632
52 46 23.53060328472
53 46 23.5323227916
54 46 23.52785905008
55 46 23.54859079272
56 46 23.55067258992
57 46 23.5512025308
58 46 23.55072938064
59 46 23.55293287872
60 46 23.55429009528
0 47 23.73183720936
1 47 23.65772699808
2 47 23.65026754608
3 47 23.63792803848
4 47 23.6158904268
5 47 23.5939069296
6 47 23.5758221244
7 47 23.56128179496
8 47 23.54896660032
9 47 23.537935638
10 47 23.52960831312
11 47 23.52497964264
12 47 23.51099356704
13 47 23.50448046072
14 47 23.49843506136
15 47 23.49099184824
16 47 23.48364869928
17 47 23.475464712
18 47 23.46408225504
19 47 23.45796926928
20 47 23.462706078
21 47 23.48009610408
22 47 23.48266456872
23 47 23.48385957792
24 47 23.483670336
25 47 23.49575301528
26 47 23.4959422572
27 47 23.50343953944
28 47 23.51056101408
29 47 23.52341694528
30 47 23.53079524824
31 47 23.52910817376
32 47 23.53104667872
33 47 23.53777070904
34 47 23.53996336608
35 47 23.5488097908
36 47 23.55422523048
37 47 23.55637733568
38 47 23.56516696968
39 47 23.57841222576
40 47 23.57460275688
41 47 23.58121592736
42 47 23.59042999488
43 47 23.5955804868
44 47 23.598422064
45 47 23.60264517072
46 47 23.6075171976
47 47 23.6281353588
48 47 23.61833995752
49 47 23.61881310768
50 47 23.62442590872
51 47 23.63530545936
52 47 23.63528926584
53 47 23.64347597472
54 47 23.6407858092
55 47 23.64148335528
56 47 23.64481427616
57 47 23.64570378576
58 47 23.6504297988
59 47 23.64885893664
60 47 23.64961867128
0 48 23.81934948624
1 48 23.73726616632
2 48 23.72628927312
3 48 23.70842614224
4 48 23.68932472872
5 48 23.67338663088
6 48 23.65263329688
7 48 23.63912304768
8 48 23.62649963184
9 48 23.61673126512
10 48 23.60704132584
11 48 23.60070666576
12 48 23.59320938352
13 48 23.5830652092
14 48 23.57526787056
15 48 23.57097173424
16 48 23.5618360488
17 48 23.54873408496
18 48 23.53846825512
19 48 23.53052757888
20 48 23.54255346744
21 48 23.55408193824
22 48 23.55231371472
23 48 23.55886469664
24 48 23.5603976832
25 48 23.57468113896
26 48 23.57617357368
27 48 23.57593566048
28 48 23.58684224568
29 48 23.59118972952
30 48 23.59843825752
31 48 23.59894656168
32 48 23.60265601176
33 48 23.6120999184
34 48 23.62155734232
35 48 23.61984590952
36 48 23.62173306696
37 48 23.63375088144
38 48 23.63129323128
39 48 23.64875619624
40 48 23.64781533912
41 48 23.65435008216
42 48 23.66469433944
43 48 23.66620029144
44 48 23.66580284712
45 48 23.67560364624
46 48 23.6736083052
47 48 23.6820248532
48 48 23.69245828824
49 48 23.68915440192
50 48 23.69495916648
51 48 23.6980602936
52 48 23.703356754
53 48 23.70665252088
54 48 23.70967794216
55 48 23.707255446
56 48 23.70773939184
57 48 23.70912368832
58 48 23.70833964072
59 48 23.7090344652
60 48 23.71072965912
0 49 23.93334687744
1 49 23.8184842896
2 49 23.80251375936
3 49 23.78227140576
4 49 23.76389724912
5 49 23.74737518664
6 49 23.72907945744
7 49 23.71598016984
8 49 23.7071202732
9 49 23.69377495296
10 49 23.68566939312
11 49 23.68087307208
12 49 23.67327577104
13 49 23.66651118888
14 49 23.66197986096
15 49 23.65353088056
16 49 23.64161585184
17 49 23.63006306808
18 49 23.62373108424
19 49 23.62917628008
20 49 23.64855883488
21 49 23.64773695704
22 49 23.6515923756
23 49 23.63759550432
24 49 23.67772871688
25 49 23.66829292968
26 49 23.67622004328
27 49 23.67987814584
28 49 23.68543415616
29 49 23.6896140348
30 49 23.69184724368
31 49 23.69833603704
32 49 23.706368658
33 49 23.70959951472
34 49 23.70966982272
35 49 23.71116225744
36 49 23.7177510696
37 49 23.7273950592
38 49 23.72074405848
39 49 23.73061784184
40 49 23.73402174696
41 49 23.73351076656
42 49 23.73974540784
43 49 23.74578268776
44 49 23.7516388452
45 49 23.75531314128
46 49 23.75513737128
47 49 23.75617829256
48 49 23.75374227912
49 49 23.7687368436
50 49 23.77081056672
51 49 23.77659097296
52 49 23.77976508432
53 49 23.77930545144
54 49 23.78516972832
55 49 23.78871424944
56 49 23.79165040224
57 49 23.79565995408
58 49 23.79866101704
59 49 23.7995775612
60 49 23.79906925704
0 50 23.96659657392
1 50 23.87755403208
2 50 23.86667987928
3 50 23.85202869
4 50 23.83897267584
5 50 23.81940355536
6 50 23.80209467832
7 50 23.79048782544
8 50 23.78150627328
9 50 23.77318978944
10 50 23.76589259016
11 50 23.76137205792
12 50 23.7543398064
13 50 23.75241481872
14 50 23.74816191048
15 50 23.7445282116
16 50 23.74036457184
17 50 23.73190479576
18 50 23.72924706264
19 50 23.72663264832
20 50 23.74269240168
21 50 23.75105215896
22 50 23.76454072608
23 50 23.76652522608
24 50 23.76868277448
25 50 23.77764001368
26 50 23.779881342
27 50 23.78103040152
28 50 23.78990925864
29 50 23.79696582312
30 50 23.8046063976
31 50 23.8006022436
32 50 23.81033005848
33 50 23.81361230808
34 50 23.81693510952
35 50 23.82445130688
36 50 23.8246432704
37 50 23.82909349464
38 50 23.83509562056
39 50 23.84171963208
40 50 23.84860314816
41 50 23.84630502912
42 50 23.85111754368
43 50 23.86182136968
44 50 23.86610398872
45 50 23.87084351904
46 50 23.86920239424
47 50 23.87369317032
48 50 23.88165276168
49 50 23.88582724248
50 50 23.89394364336
51 50 23.89100204736
52 50 23.89133190528
53 50 23.89586055696
54 50 23.90146251696
55 50 23.90280354
56 50 23.9040688572
57 50 23.90834068056
58 50 23.90469881688
59 50 23.91043599504
60 50 23.90469881688
0 51 23.96928401784
1 51 23.9406900264
2 51 23.93423366544
3 51 23.91489706032
4 51 23.90015664792
5 51 23.8890608208
6 51 23.87728903896
7 51 23.86725572448
8 51 23.86033437816
9 51 23.85102024648
10 51 23.84355539664
11 51 23.83516320696
12 51 23.82599236752
13 51 23.82068778768
14 51 23.81702161104
15 51 23.81233887144
16 51 23.80873760496
17 51 23.80284629352
18 51 23.79863938032
19 51 23.79645751896
20 51 23.7981391956
21 51 23.81233614984
22 51 23.81606991288
23 51 23.8271684616
24 51 23.82106087368
25 51 23.61265417224
26 51 23.91264221472
27 51 23.8389024132
28 51 23.82150698928
29 51 23.65181404992
30 51 23.79108535272
31 51 23.8338357012
32 51 23.83336527264
33 51 23.76083132136
34 51 23.88432940992
35 51 23.86043711856
36 51 23.85269108208
37 51 23.86198629864
38 51 23.87467462464
39 51 23.87375808048
40 51 23.88464302896
41 51 23.89737458304
42 51 23.89232955312
43 51 23.9001025788
44 51 23.90840554536
45 51 23.9153539716
46 51 23.91579196776
47 51 23.92026115248
48 51 23.92481951496
49 51 23.9311866528
50 51 23.93557201224
51 51 23.93704820808
52 51 23.93263853568
53 51 23.9374456524
54 51 23.93601540624
55 51 23.93708064048
56 51 23.93845141968
57 51 23.93950313664
58 51 23.93879747112
59 51 23.93857575144
60 51 23.93786468808
0 52 24.03558604944
1 52 23.99593945896
2 52 23.98987242288
3 52 23.9809340988
4 52 23.97215258424
5 52 23.9547761208
6 52 23.9347419696
7 52 23.91916071888
8 52 23.9120744436
9 52 23.907145626
10 52 23.902360146
11 52 23.90053517712
12 52 23.8972664448
13 52 23.89204024704
14 52 23.89088851128
15 52 23.88890668752
16 52 23.88323714112
17 52 23.86894012272
18 52 23.86333544112
19 52 23.85525147264
20 52 23.8464240084
21 52 23.85318314736
22 52 23.85580572648
23 52 23.85528118344
24 52 23.86013697144
25 52 23.86012345416
26 52 23.86899419184
27 52 23.86865081664
28 52 23.86779918264
29 52 23.86980259776
30 52 23.87447454168
31 52 23.88052533888
32 52 23.8832452152
33 52 23.89100204736
34 52 23.88315871368
35 52 23.89567126968
36 52 23.89386521592
37 52 23.90096777544
38 52 23.90551801848
39 52 23.91076857456
40 52 23.91336679536
41 52 23.91319374696
42 52 23.91489706032
43 52 23.92298370504
44 52 23.93035661016
45 52 23.93725908672
46 52 23.936315508
47 52 23.9355638928
48 52 23.93715634632
49 52 23.94187423992
50 52 23.94227440584
51 52 23.94752219496
52 52 23.94639205056
53 52 23.94739242
54 52 23.94829544688
55 52 23.9488307856
56 52 23.95039080672
57 52 23.95090990656
58 52 23.95131274872
59 52 23.94960403752
60 52 23.9487956316
0 53 23.64169155768
1 53 23.67044231328
2 53 23.66317759176
3 53 23.64938887752
4 53 23.6430758088
5 53 23.63925554424
6 53 23.64610123008
7 53 23.66821722384
8 53 23.6691986328
9 53 23.67831812472
10 53 23.6836984104
11 53 23.69257726752
12 53 23.7231584352
13 53 23.71633166448
14 53 23.72530514256
15 53 23.73471929304
16 53 23.7399103368
17 53 23.75052221808
18 53 23.76974528712
19 53 23.7832987644
20 53 23.78962267416
21 53 23.82604915824
22 53 23.83909165512
23 53 23.855483988
24 53 23.86134010008
25 53 23.878594908
26 53 23.88828756888
27 53 23.90252779656
28 53 23.91044411448
29 53 23.92443558792
30 53 23.9371347096
31 53 23.9446563048
32 53 23.9483198052
33 53 23.95493025408
34 53 23.96615045832
35 53 23.96758882392
36 53 23.98143428352
37 53 23.98588183152
38 53 23.98328088912
39 53 23.98922087184
40 53 24.0018307704
41 53 24.00454524888
42 53 24.00730295544
43 53 24.00748140168
44 53 24.01668199728
45 53 24.02143232328
46 53 24.02447938128
47 53 24.0284321424
48 53 24.02629350912
49 53 24.0262070076
50 53 24.02732631096
51 53 24.027745392
52 53 24.02437931712
53 53 24.02898639624
54 53 24.0263070264
55 53 24.03230919768
56 53 24.02816714928
57 53 24.03658097568
58 53 24.03857627136
59 53 24.03482091696
60 53 24.03297158976
0 54 24.2007935652
1 54 24.11940779136
2 54 24.11534421576
3 54 24.0980461344
4 54 24.0846792228
5 54 24.07107975048
6 54 24.05408181624
7 54 24.04225328904
8 54 24.02641788624
9 54 24.01317263016
10 54 24.00298250616
11 54 24.00078984912
12 54 23.992086762
13 54 23.98539788568
14 54 23.98584127968
15 54 23.9884962912
16 54 23.9808665124
17 54 23.97837642984
18 54 23.97445614648
19 54 23.96829716568
20 54 23.96419031664
21 54 23.99628283416
22 54 23.99421450888
23 54 24.00443166744
24 54 24.010271586
25 54 24.012664326
26 54 24.02696674224
27 54 24.0319198728
28 54 24.02892148608
29 54 24.03985782744
30 54 24.04334016
31 54 24.05412236808
32 54 24.05152142568
33 54 24.05255155128
34 54 24.06830308344
35 54 24.07077697248
36 54 24.07495680576
37 54 24.07221801432
38 54 24.07631946552
39 54 24.08050206576
40 54 24.08854543704
41 54 24.09087059064
42 54 24.0980109804
43 54 24.09602108256
44 54 24.09748108488
45 54 24.1007470956
46 54 24.10494588936
47 54 24.10514325072
48 54 24.11029374264
49 54 24.11047218888
50 54 24.11015856984
51 54 24.10985034864
52 54 24.11421407136
53 54 24.11383014432
54 54 24.11539556328
55 54 24.115487508
56 54 24.11632022688
57 54 24.1151441328
58 54 24.11481159864
59 54 24.111588816
60 54 24.112545912
0 55 24.29537057136
1 55 24.19229868048
2 55 24.17109378768
3 55 24.1519680612
4 55 24.12794599488
5 55 24.108168672
6 55 24.0928848468
7 55 24.08162136912
8 55 24.0734616948
9 55 24.07022811648
10 55 24.06724869024
11 55 24.05574185616
12 55 24.05078065152
13 55 24.06783537648
14 55 24.0506914284
15 55 24.04435672296
16 55 24.03725960664
17 55 24.034445064
18 55 24.0343126128
19 55 24.02825369616
20 55 24.02464431024
21 55 24.03510205824
22 55 23.55438204
23 55 24.21321694344
24 55 24.03689191848
25 55 24.01877735712
26 55 24.01702537248
27 55 24.04767684816
28 55 24.04444866768
29 55 24.06006230544
30 55 24.0592052736
31 55 24.08104547856
32 55 24.08231079576
33 55 24.08784789096
34 55 24.09492341592
35 55 24.09834355992
36 55 24.09772711752
37 55 24.10716830256
38 55 24.11700425568
39 55 24.12032977872
40 55 24.1185318444
41 55 24.12060284592
42 55 24.124206834
43 55 24.13356963696
44 55 24.12928701792
45 55 24.13667344032
46 55 24.14201045256
47 55 24.140547774
48 55 24.13939603824
49 55 24.13964474712
50 55 24.14015032968
51 55 24.14223484848
52 55 24.14259446256
53 55 24.14494665072
54 55 24.14529814536
55 55 24.14415988152
56 55 24.14703656736
57 55 24.14591186616
58 55 24.14573341992
59 55 24.1448249952
60 55 24.14398143528
0 56 24.40792959696
1 56 24.26318610912
2 56 24.23186951976
3 56 24.20690659632
4 56 24.1795319724
5 56 24.16298550624
6 56 24.15724832808
7 56 24.14962939032
8 56 24.1421888988
9 56 24.13599753096
10 56 24.12498008592
11 56 24.11648515584
12 56 24.11072634096
13 56 24.09512349888
14 56 24.08463594936
15 56 24.07892040792
16 56 24.07139069328
17 56 24.07095809496
18 56 24.06390425208
19 56 24.0553768896
20 56 24.04875287808
21 56 24.06911148936
22 56 24.0847792416
23 56 24.09006223008
24 56 24.10246392624
25 56 24.09946558488
26 56 24.1117564212
27 56 24.1202405556
28 56 24.1201702476
29 56 24.11931856824
30 56 24.12852188544
31 56 24.13167703632
32 56 24.13674102672
33 56 24.14695278744
34 56 24.14105607816
35 56 24.1523790228
36 56 24.15144623976
37 56 24.1687551168
38 56 24.16493757384
39 56 24.16349648664
40 56 24.16746820824
41 56 24.17090726736
42 56 24.1772716836
43 56 24.176487636
44 56 24.18303861792
45 56 24.18327653112
46 56 24.18617485368
47 56 24.18568818624
48 56 24.18602076576
49 56 24.18509070432
50 56 24.18785925192
51 56 24.1880052204
52 56 24.1877700288
53 56 24.18726172464
54 56 24.188148558
55 56 24.18794847504
56 56 24.18802685712
57 56 24.18750508104
58 56 24.1865750196
59 56 24.1867750572
60 56 24.18564495816
0 57 24.49676670336
1 57 24.32633294448
2 57 24.30140512968
3 57 24.27537964824
4 57 24.25276619136
5 57 24.22174698216
6 57 24.20749328256
7 57 24.19182280872
8 57 24.17919939288
9 57 24.1620554448
10 57 24.16147955424
11 57 24.15645343944
12 57 24.14726096328
13 57 24.13714926672
14 57 24.12925458552
15 57 24.12710515656
16 57 24.12797030784
17 57 24.12939787776
18 57 24.12719437968
19 57 24.11731515312
20 57 24.09856523424
21 57 24.09861390552
22 57 24.10407801648
23 57 24.10259909904
24 57 24.10586515512
25 57 24.11024779296
26 57 24.10761713976
27 57 24.10367245272
28 57 24.103207422
29 57 24.10820922384
30 57 24.11332728336
31 57 24.10914200688
32 57 24.1121322288
33 57 24.12018648648
34 57 24.11689339584
35 57 24.11723949264
36 57 24.11786940696
37 57 24.12040276296
38 57 24.12530989848
39 57 24.12429333552
40 57 24.12907881552
41 57 24.12883010664
42 57 24.13144452096
43 57 24.13220965344
44 57 24.13139317344
45 57 24.13532157624
46 57 24.13698166152
47 57 24.13756022832
48 57 24.13703840688
49 57 24.1397610048
50 57 24.13744936848
51 57 24.13780086312
52 57 24.13719254016
53 57 24.13690595568
54 57 24.13783601712
55 57 24.13934464536
56 57 24.13919595528
57 57 24.13849028976
58 57 24.13932840648
59 57 24.13884446064
60 57 24.13844434008
0 58 23.7094129944
1 58 23.63620041216
2 58 23.57228839896
3 58 23.52582048096
4 58 23.5017902952
5 58 23.48991849456
6 58 23.502101238
7 58 23.5425183588
8 58 23.5607059044
9 58 23.59675118304
10 58 23.61747208464
11 58 23.64040728
12 58 23.65072990056
13 58 23.68758626136
14 58 23.70710675592
15 58 23.73233467248
16 58 23.75433168696
17 58 23.7113271864
18 58 23.7479835096
19 58 23.8039196472
20 58 23.84814083904
21 58 23.89233767256
22 58 23.93264933136
23 58 23.96895148368
24 58 23.98639281192
25 58 24.01333755912
26 58 24.0378679296
27 58 24.06394748016
28 58 24.07957468056
29 58 24.10900951032
30 58 24.11811004176
31 58 24.13257466536
32 58 24.15144896136
33 58 24.15455548632
34 58 24.17973201
35 58 24.18139209528
36 58 24.19516996848
37 58 24.19856575416
38 58 24.22232287272
39 58 24.21472557168
40 58 24.23251299672
41 58 24.23938843872
42 58 24.24396031848
43 58 24.2588899728
44 58 24.2573867424
45 58 24.25416128352
46 58 24.2681933088
47 58 24.26812839864
48 58 24.27282197928
49 58 24.27952165128
50 58 24.27835639824
51 58 24.27868081296
52 58 24.28571306448
53 58 24.29110414584
54 58 24.29195042736
55 58 24.29769572496
56 58 24.29023087512
57 58 24.30099688968
58 58 24.29953421112
59 58 24.29874744192
60 58 24.29860414968
0 59 24.70837727232
1 59 24.49330056432
2 59 24.45943714704
3 59 24.43169483496
4 59 24.40245736656
5 59 24.38038736784
6 59 24.35488366248
7 59 24.34407441984
8 59 24.3281281572
9 59 24.3185247648
10 59 24.30600136776
11 59 24.29757402408
12 59 24.2806734324
13 59 24.26536797048
14 59 24.2531771076
15 59 24.24469301856
16 59 24.23356203744
17 59 24.22939839768
18 59 24.22542399984
19 59 24.23372964264
20 59 24.22787080896
21 59 24.23447318376
22 59 24.26707128384
23 59 24.25877911296
24 59 24.27098349312
25 59 24.27889981104
26 59 24.28138449576
27 59 24.2898334308
28 59 24.30320038776
29 59 24.30336259512
30 59 24.30745052904
31 59 24.31355539536
32 59 24.31368789192
33 59 24.32719541952
34 59 24.324097014
35 59 24.32940159384
36 59 24.32721705624
37 59 24.34086243288
38 59 24.35161493016
39 59 24.34518020592
40 59 24.34465298664
41 59 24.3518933952
42 59 24.356032722
43 59 24.35766572736
44 59 24.35614358184
45 59 24.36412208832
46 59 24.36463579032
47 59 24.3663931728
48 59 24.36528194352
49 59 24.36687711864
50 59 24.3673178364
51 59 24.36563615976
52 59 24.36840470736
53 59 24.36768552456
54 59 24.3676612116
55 59 24.3674854416
56 59 24.36841550304
57 59 24.36746380488
58 59 24.367728798
59 59 24.3674854416
60 59 24.36713127072
0 60 24.74082668232
1 60 24.5407445388
2 60 24.51016876896
3 60 24.48021211776
4 60 24.45475168584
5 60 24.42981307536
6 60 24.40355507856
7 60 24.389988084
8 60 24.38049818232
9 60 24.36655538016
10 60 24.35369677272
11 60 24.34380942672
12 60 24.3255353796
13 60 24.31094098104
14 60 24.2987258052
15 60 24.29162596728
16 60 24.28375287744
17 60 24.2771181156
18 60 24.2721568656
19 60 24.2638512228
20 60 24.25904410608
21 60 24.269458626
22 60 24.29036337168
23 60 24.30838331208
24 60 24.3045359676
25 60 24.31299846528
26 60 24.31842742224
27 60 24.32883382272
28 60 24.32821738032
29 60 24.34001079888
30 60 24.348678732
31 60 24.34692407112
32 60 24.3462887136
33 60 24.35133646512
34 60 24.358017222
35 60 24.3611291448
36 60 24.36479259984
37 60 24.36848308944
38 60 24.37441767432
39 60 24.37982499456
40 60 24.3795897576
41 60 24.39506287008
42 60 24.39079644456
43 60 24.38787380904
44 60 24.39064235664
45 60 24.39164812392
46 60 24.39071806248
47 60 24.39322433856
48 60 24.39513857592
49 60 24.39409493304
50 60 24.39538188696
51 60 24.39327845304
52 60 24.393232458
53 60 24.3944329104
54 60 24.3925132752
55 60 24.39157241808
56 60 24.39076401216
57 60 24.3900556704
58 60 24.38960143536
59 60 24.3892364688
60 60 24.38812796112
