1 0 17.3708408412
2 0 17.46276142968
3 0 17.48017980576
4 0 17.49985842528
5 0 17.5276440108
6 0 17.53248492072
7 0 17.54342534448
8 0 17.60915148552
9 0 17.6846918976
10 0 17.68787952624
11 0 17.77507818408
12 0 17.82072962208
13 0 17.78682969
14 0 17.81081524152
15 0 17.83951061256
16 0 17.88011021664
17 0 17.9105738112
18 0 17.9528672484
19 0 17.98973445024
20 0 18.03449637864
21 0 18.06319174968
22 0 18.11643640632
23 0 18.14983615368
24 0 18.21836463552
25 0 18.23080148568
26 0 18.27436972032
27 0 18.33033697488
28 0 18.36455864544
29 0 18.42135997968
30 0 18.49656518136
31 0 18.52934576472
32 0 18.57217998384
33 0 18.59004306936
34 0 18.60604607736
35 0 18.64518436368
36 0 18.67206152448
37 0 18.70316718984
38 0 18.74479828032
39 0 18.75556021248
40 0 18.77598368856
41 0 18.80046810936
42 0 18.82809960696
43 0 18.85206352176
44 0 18.8618859576
45 0 18.88640684784
46 0 18.91484539056
47 0 18.92677126032
48 0 18.95213298888
49 0 18.96445766376
50 0 18.9673370712
51 0 19.02300690024
52 0 19.04323169952
53 0 19.05074925768
54 0 19.0763435016
55 0 19.106840844
56 0 19.1307074616
57 0 19.155124296
58 0 19.17470561832
59 0 19.1886700572
60 0 19.2250492308
0 1 20.10277298736
1 1 19.67048370504
2 1 19.65994077096
3 1 19.66616461656
4 1 19.69155746208
5 1 19.67527866528
6 1 19.65878898984
7 1 19.63925366256
8 1 19.61693894664
9 1 19.61652934584
10 1 19.6405595316
11 1 19.68223385016
12 1 19.7123337936
13 1 19.73717238528
14 1 19.75350792744
15 1 19.77841546632
16 1 19.8126884844
17 1 19.84395368088
18 1 19.87944606648
19 1 19.93285701288
20 1 19.95279250608
21 1 19.98053345736
22 1 20.0091598812
23 1 20.02986862632
24 1 20.05308228672
25 1 20.08029198168
26 1 20.09299246416
27 1 20.11342678128
28 1 20.13962803272
29 1 20.143160352
30 1 20.18349364752
31 1 20.1813212664
32 1 20.20579892856
33 1 20.233295208
34 1 20.2558627152
35 1 20.27605367592
36 1 20.29794663456
37 1 20.32162532568
38 1 20.33737150536
39 1 20.36907873504
40 1 20.37963114936
41 1 20.41402990536
42 1 20.43152670888
43 1 20.46152522736
44 1 20.47921394904
45 1 20.50626819528
46 1 20.53222609032
47 1 20.54955796488
48 1 20.56940151336
49 1 20.59478623944
50 1 20.6172442476
51 1 20.64077697024
52 1 20.66106395808
53 1 20.67916228056
54 1 20.6901121392
55 1 20.70948253752
56 1 20.72659137696
57 1 20.74371504912
58 1 20.76096577464
59 1 20.78184348576
60 1 20.79245133
0 2 21.52833395832
1 2 21.13849360728
2 2 21.11838238944
3 2 21.09970005696
4 2 21.08600056584
5 2 21.08299950288
6 2 21.06493764984
7 2 21.0310161264
8 2 21.0045809988
9 2 20.99900063016
10 2 21.0099180564
11 2 21.04809380352
12 2 21.05978851872
13 2 21.0739949532
14 2 21.09729783672
15 2 21.11602208184
16 2 21.13946830296
17 2 21.15511577928
18 2 21.18745160784
19 2 21.19468394232
20 2 21.20732223624
21 2 21.22538272848
22 2 21.24319986432
23 2 21.25127439792
24 2 21.26717734176
25 2 21.28295999088
26 2 21.2954603904
27 2 21.31574869368
28 2 21.32493173496
29 2 21.33887181552
30 2 21.35908445832
31 2 21.35716890552
32 2 21.3763594968
33 2 21.3828929244
34 2 21.4052522292
35 2 21.4078883256
36 2 21.42470105496
37 2 21.42754535376
38 2 21.44147731488
39 2 21.44680353144
40 2 21.45995012952
41 2 21.47138797104
42 2 21.4872138936
43 2 21.49597513224
44 2 21.5070480072
45 2 21.5099165736
46 2 21.52486650384
47 2 21.53928789936
48 2 21.533925168
49 2 21.54272963472
50 2 21.55791344112
51 2 21.55664000448
52 2 21.56822249904
53 2 21.58173410904
54 2 21.5816908356
55 2 21.5934166224
56 2 21.6052127172
57 2 21.60389469168
58 2 21.62628783504
59 2 21.62239857792
60 2 21.63046090968
0 3 22.29108159096
1 3 21.92141872872
2 3 21.88403242704
3 3 21.84689891664
4 3 21.82243613256
5 3 21.81942422856
6 3 21.78963391248
7 3 21.7563111864
8 3 21.73060744344
9 3 21.71199133656
10 3 21.71662000704
11 3 21.74165868168
12 3 21.7645519644
13 3 21.77147067984
14 3 21.78383182416
15 3 21.78762913656
16 3 21.80327661288
17 3 21.81366677448
18 3 21.81001143888
19 3 21.81012093792
20 3 21.81676518
21 3 21.82718781936
22 3 21.82871540808
23 3 21.83924754648
24 3 21.8526685272
25 3 21.86073221976
26 3 21.87548206704
27 3 21.8730460536
28 3 21.88666847808
29 3 21.89897015544
30 3 21.89765349072
31 3 21.91461899256
32 3 21.92114293992
33 3 21.93066658944
34 3 21.94698865968
35 3 21.9422518056
36 3 21.95704356552
37 3 21.95917135776
38 3 21.96944802864
39 3 21.97436732064
40 3 21.98975796864
41 3 21.98994857136
42 3 22.00347905112
43 3 22.01338122984
44 3 22.01951721312
45 3 22.03282737936
46 3 22.02732271656
47 3 22.0310564796
48 3 22.03211763144
49 3 22.03446714336
50 3 22.02826493448
51 3 22.07612794464
52 3 22.079062782
53 3 22.08210843384
54 3 22.08862022472
55 3 22.0995403272
56 3 22.1065820136
57 3 22.11722637264
58 3 22.12280538048
59 3 22.12472365488
60 3 22.1346893376
0 4 22.742984628
1 4 22.42302190128
2 4 22.39532553888
3 4 22.37252279472
4 4 22.36679777304
5 4 22.3548259536
6 4 22.32138161736
7 4 22.29356223864
8 4 22.27039584336
9 4 22.2614467236
10 4 22.26782737872
11 4 22.28401690704
12 4 22.32978727896
13 4 22.33346293584
14 4 22.34936587968
15 4 22.35819338928
16 4 22.35515984856
17 4 22.36743857376
18 4 22.37224569048
19 4 22.38277782888
20 4 22.39940131632
21 4 22.39926745896
22 4 22.40917911792
23 4 22.42482795504
24 4 22.4295350076
25 4 22.4434886508
26 4 22.44211383456
27 4 22.44528254808
28 4 22.45913612712
29 4 22.46654550168
30 4 22.47487282656
31 4 22.4872218144
32 4 22.48786120896
33 4 22.49800810488
34 4 22.50909313632
35 4 22.51568194848
36 4 22.53027770784
37 4 22.52342390256
38 4 22.52857303368
39 4 22.5355376988
40 4 22.54633614576
41 4 22.55149743336
42 4 22.56047767008
43 4 22.5664811568
44 4 22.58283561408
45 4 22.58589482856
46 4 22.60147335768
47 4 22.60611554544
48 4 22.60003499208
49 4 22.61426573952
50 4 22.62078968688
51 4 22.62679049736
52 4 22.63589506584
53 4 22.6399262544
54 4 22.6496364696
55 4 22.66091210376
56 4 22.66390237104
57 4 22.66494193152
58 4 22.67129958912
59 4 22.68053533872
60 4 22.65782181768
0 5 22.73471949168
1 5 22.653602748
2 5 22.6068238872
3 5 22.50768584232
4 5 22.49774175096
5 5 22.77522315936
6 5 22.63385654208
7 5 22.602926556
8 5 22.59682441128
9 5 22.62249300024
10 5 22.63783361616
11 5 22.64965810632
12 5 22.66131090888
13 5 22.68347149152
14 5 22.71219525792
15 5 22.72273143336
16 5 22.72564059696
17 5 22.73852896056
18 5 22.7492084736
19 5 22.76148851424
20 5 22.76689315824
21 5 22.77931921272
22 5 22.78820074608
23 5 22.79927498184
24 5 22.8066829956
25 5 22.81292035848
26 5 22.82856379776
27 5 22.83574473936
28 5 22.8476138184
29 5 22.85259938136
30 5 22.85768228688
31 5 22.87048142736
32 5 22.876983738
33 5 22.88302913736
34 5 22.89407361696
35 5 22.90090578552
36 5 22.90747300632
37 5 22.91908525704
38 5 22.92367337568
39 5 22.93214394744
40 5 22.9406199624
41 5 22.9467762216
42 5 22.95284321232
43 5 22.96327669272
44 5 22.97380474872
45 5 22.98527910504
46 5 22.99099736808
47 5 23.0006954268
48 5 23.00813863992
49 5 23.02308720936
50 5 23.02342246512
51 5 23.02950029688
52 5 23.03874684216
53 5 23.0467551048
54 5 23.0519136708
55 5 23.06350160856
56 5 23.07585463344
57 5 23.0643289296
58 5 23.06183612544
59 5 23.06383146648
60 5 23.06027610432
0 6 23.00368569408
1 6 22.98116141496
2 6 22.9504288356
3 6 22.91471341488
4 6 22.89146999832
5 6 23.0557447764
6 6 23.06756522952
7 6 22.97794947336
8 6 22.95216730296
9 6 22.95783961632
10 6 22.97276654904
11 6 22.99876771752
12 6 22.99643444448
13 6 23.01297546744
14 6 23.0403960864
15 6 23.07812032008
16 6 23.09098437072
17 6 23.09959823472
18 6 23.11362218592
19 6 23.12933860944
20 6 23.14053989856
21 6 23.14826425296
22 6 23.1569565444
23 6 23.16205836504
24 6 23.17430869488
25 6 23.1784317828
26 6 23.19156345744
27 6 23.20313248008
28 6 23.2100889804
29 6 23.2176457296
30 6 23.2197708456
31 6 23.2318751616
32 6 23.24050794072
33 6 23.25229596144
34 6 23.24564763696
35 6 23.24727792072
36 6 23.25560792184
37 6 23.26119913152
38 6 23.2632268596
39 6 23.27836199472
40 6 23.28918475464
41 6 23.2931159244
42 6 23.3029275192
43 6 23.3113007484
44 6 23.31831676104
45 6 23.3284663332
46 6 23.34144396528
47 6 23.35022275824
48 6 23.36138077392
49 6 23.36916191904
50 6 23.36096713608
51 6 23.36680161144
52 6 23.37476932224
53 6 23.37749192016
54 6 23.38280734104
55 6 23.3852974236
56 6 23.3885120868
57 6 23.3907669324
58 6 23.39371392624
59 6 23.39660412936
60 6 23.39719086096
0 7 23.39286229224
1 7 23.35639521096
2 7 23.3334248616
3 7 23.29889633064
4 7 23.25823050096
5 7 23.30084567664
6 7 23.4048530268
7 7 23.37427185912
8 7 23.3634139452
9 7 23.37260642136
10 7 23.35278310344
11 7 23.35142048904
12 7 23.36690707344
13 7 23.3670692808
14 7 23.38586519472
15 7 23.3915888556
16 7 23.40179789472
17 7 23.4151458912
18 7 23.42333532168
19 7 23.4338471388
20 7 23.44350464568
21 7 23.44778186688
22 7 23.45490873936
23 7 23.46117853464
24 7 23.47167955608
25 7 23.47743569472
26 7 23.48662812552
27 7 23.49813763584
28 7 23.50272847608
29 7 23.50840078944
30 7 23.51836647216
31 7 23.52061864152
32 7 23.52730212
33 7 23.53568074704
34 7 23.53918743792
35 7 23.54401619136
36 7 23.5536628572
37 7 23.56157917512
38 7 23.56784629416
39 7 23.57575721424
40 7 23.59162504944
41 7 23.57694142776
42 7 23.58292191696
43 7 23.58699365736
44 7 23.592060324
45 7 23.59985231016
46 7 23.60350764576
47 7 23.60910965112
48 7 23.61032901864
49 7 23.61080484504
50 7 23.61307592952
51 7 23.61934304856
52 7 23.61642308928
53 7 23.61646631736
54 7 23.62029742296
55 7 23.62275235152
56 7 23.62352288184
57 7 23.625431676
58 7 23.62513969368
59 7 23.62958724168
60 7 23.62944662568
0 8 23.50027354752
1 8 23.46915436488
2 8 23.44069282464
3 8 23.41404822456
4 8 23.38327237176
5 8 23.50446694344
6 8 23.6599304508
7 8 23.57564367816
8 8 23.57781469848
9 8 23.58630150912
10 8 23.5925415936
11 8 23.59101672648
12 8 23.61080756664
13 8 23.60694130704
14 8 23.61670695216
15 8 23.63349672936
16 8 23.64672307032
17 8 23.66047118736
18 8 23.66673018696
19 8 23.67711227448
20 8 23.68266560856
21 8 23.68982219184
22 8 23.69804945256
23 8 23.70317563152
24 8 23.70866945328
25 8 23.71709951856
26 8 23.722336512
27 8 23.72807369016
28 8 23.733518886
29 8 23.7408322788
30 8 23.74867021464
31 8 23.7520822392
32 8 23.7589928352
33 8 23.76491653368
34 8 23.77102144536
35 8 23.77893508704
36 8 23.78701361232
37 8 23.79553557696
38 8 23.80035621096
39 8 23.80791023856
40 8 23.8106869056
41 8 23.81902502616
42 8 23.8230021456
43 8 23.83068594816
44 8 23.83987842432
45 8 23.8450856616
46 8 23.8520962764
47 8 23.85706832208
48 8 23.86209443688
49 8 23.86118873376
50 8 23.86713139272
51 8 23.86588499064
52 8 23.8678613712
53 8 23.8657038228
54 8 23.87013785352
55 8 23.87294967456
56 8 23.87129503248
57 8 23.87419063344
58 8 23.87544787656
59 8 23.87571822216
60 8 23.87458807776
0 9 23.82743073312
1 9 23.8009428972
2 9 23.78536169184
3 9 23.76188303832
4 9 23.70883710384
5 9 23.794927254
6 9 23.8764455244
7 9 23.82335631648
8 9 23.80885926048
9 9 23.80353304392
10 9 23.79754171368
11 9 23.80126195944
12 9 23.8063826952
13 9 23.8101110604
14 9 23.81795439408
15 9 23.82172870896
16 9 23.83735318776
17 9 23.83930525536
18 9 23.84453140776
19 9 23.85159609168
20 9 23.85773071416
21 9 23.86049926176
22 9 23.86405462392
23 9 23.870832678
24 9 23.87911400784
25 9 23.88405901896
26 9 23.88578396904
27 9 23.89559556384
28 9 23.89768552584
29 9 23.89972409496
30 9 23.90534229384
31 9 23.90549642712
32 9 23.91048738792
33 9 23.91975824616
34 9 23.92541971848
35 9 23.92487630568
36 9 23.9320410084
37 9 23.94165252024
38 9 23.94588379176
39 9 23.95432460736
40 9 23.96091074328
41 9 23.96352520296
42 9 23.96998428552
43 9 23.97738962304
44 9 23.98063399704
45 9 23.98189931424
46 9 24.00323937984
47 9 23.98980483648
48 9 23.9780331
49 9 23.99710475736
50 9 23.99204076696
51 9 24.00010582032
52 9 23.98942902888
53 9 23.98654962144
54 9 23.98427853696
55 9 23.98255091064
56 9 23.98215346632
57 9 23.98593862224
58 9 23.98399195248
59 9 23.98381350624
60 9 23.9847003396
0 10 23.94326933208
1 10 23.91889577112
2 10 23.90575053384
3 10 23.88815239608
4 10 23.86641488616
5 10 23.97388025592
6 10 24.03071130096
7 10 23.97458859768
8 10 23.96747796408
9 10 23.97175518528
10 10 23.97515369256
11 10 23.97714898824
12 10 23.9845975992
13 10 23.99915412216
14 10 24.00963622848
15 10 24.02555273496
16 10 24.03252007632
17 10 24.0423100344
18 10 24.04796610888
19 10 24.05244069144
20 10 24.05533089456
21 10 24.0611897736
22 10 24.06311748288
23 10 24.0663159072
24 10 24.07146639912
25 10 24.07721709456
26 10 24.0792069924
27 10 24.08251087872
28 10 24.0862851936
29 10 24.08743425312
30 10 24.09255498888
31 10 24.0952775868
32 10 24.09990625728
33 10 24.10634098152
34 10 24.10815515472
35 10 24.11305421616
36 10 24.12116789544
37 10 24.12657253944
38 10 24.13018464696
39 10 24.13618405128
40 10 24.14394900288
41 10 24.14961859464
42 10 24.15558016872
43 10 24.15900031272
44 10 24.167627694
45 10 24.17643084528
46 10 24.1733405592
47 10 24.17344869744
48 10 24.17852620512
49 10 24.1800077988
50 10 24.17880194856
51 10 24.17808008952
52 10 24.17832340056
53 10 24.17824501848
54 10 24.17851536408
55 10 24.17980771584
56 10 24.1814785968
57 10 24.1823653848
58 10 24.18251951808
59 10 24.184074096
60 10 24.18403626576
0 11 24.106627566
1 11 24.09658345584
2 11 24.0894295488
3 11 24.04442430936
4 11 24.0190287876
5 11 24.19201477224
6 11 24.21420375024
7 11 24.15883266216
8 11 24.16408321824
9 11 24.16887681768
10 11 24.16870916712
11 11 24.16576489488
12 11 24.16565403504
13 11 24.1671194352
14 11 24.1761091068
15 11 24.17919671664
16 11 24.18392812752
17 11 24.18923270736
18 11 24.18788088864
19 11 24.19586479296
20 11 24.19804937592
21 11 24.20006358672
22 11 24.20389197072
23 11 24.20810428176
24 11 24.21354135816
25 11 24.216628968
26 11 24.2191244484
27 11 24.22169291304
28 11 24.2244912168
29 11 24.22816818912
30 11 24.23022839496
31 11 24.23350796832
32 11 24.23875847904
33 11 24.24291132312
34 11 24.24662072784
35 11 24.2522227332
36 11 24.25975244784
37 11 24.26330776464
38 11 24.26988850272
39 11 24.27500384064
40 11 24.28086267432
41 11 24.29216670384
42 11 24.29300214432
43 11 24.29778490272
44 11 24.32354276016
45 11 24.30153762624
46 11 24.3120602844
47 11 24.31042727904
48 11 24.31236038616
49 11 24.31316339424
50 11 24.3101082168
51 11 24.30461707128
52 11 24.30263529288
53 11 24.30267856632
54 11 24.3029651508
55 11 24.29968829904
56 11 24.29494876872
57 11 24.294483738
58 11 24.29273447496
59 11 24.29180441352
60 11 24.29008758288
0 12 24.3565761348
1 12 24.28143856488
2 12 24.27514713288
3 12 24.2222336496
4 12 24.22857107664
5 12 24.29840134512
6 12 24.26402694744
7 12 24.25410716904
8 12 24.24447129888
9 12 24.2414485992
10 12 24.23866925592
11 12 24.23942087112
12 12 24.24469029696
13 12 24.25083843672
14 12 24.26376467592
15 12 24.26905846008
16 12 24.27339786984
17 12 24.27698561904
18 12 24.28121416896
19 12 24.29023359672
20 12 24.29464866696
21 12 24.28958739816
22 12 24.29874744192
23 12 24.30205940232
24 12 24.30797235048
25 12 24.3117169092
26 12 24.31190075328
27 12 24.31663488576
28 12 24.32090398752
29 12 24.32333455776
30 12 24.32932049016
31 12 24.33022079544
32 12 24.3354172824
33 12 24.33791816064
34 12 24.34154646168
35 12 24.3462211272
36 12 24.35417799696
37 12 24.36115078152
38 12 24.36626611944
39 12 24.37147335672
40 12 24.38082804024
41 12 24.38684640504
42 12 24.39201313584
43 12 24.39769892112
44 12 24.40227084624
45 12 24.40511777592
46 12 24.40971133776
47 12 24.41342346408
48 12 24.4147076964
49 12 24.41420751168
50 12 24.41252583504
51 12 24.41341262304
52 12 24.41284757352
53 12 24.40792959696
54 12 24.4030792068
55 12 24.3987046884
56 12 24.40012141728
57 12 24.398637102
58 12 24.39544947336
59 12 24.38939055672
60 12 24.38648951256
0 13 24.37922479104
1 13 24.35217997968
2 13 24.31651050864
3 13 24.2744171544
4 13 24.3276847632
5 13 24.4201420512
6 13 24.41211759504
7 13 24.38130658824
8 13 24.36233494968
9 13 24.3525477132
10 13 24.34639957344
11 13 24.34636709568
12 13 24.35347777464
13 13 24.36602548464
14 13 24.3795221712
15 13 24.38819282592
16 13 24.39284853096
17 13 24.3919698624
18 13 24.39681213312
19 13 24.40129751136
20 13 24.40272235968
21 13 24.40542599712
22 13 24.40782145872
23 13 24.423732522
24 13 24.4142643024
25 13 24.4220616864
26 13 24.42622532616
27 13 24.42730947552
28 13 24.43356575352
29 13 24.43035381192
30 13 24.43943542824
31 13 24.44255007264
32 13 24.44736526344
33 13 24.4485927504
34 13 24.45648203376
35 13 24.46659105408
36 13 24.47531577792
37 13 24.478032978
38 13 24.48722005632
39 13 24.49195954128
40 13 24.49702625328
41 13 24.50073298176
42 13 24.50481007464
43 13 24.50765432808
44 13 24.51074465952
45 13 24.46920279216
46 13 24.5460409992
47 13 24.51477580272
48 13 24.51354563952
49 13 24.51330232848
50 13 24.51189639528
51 13 24.5103120612
52 13 24.5079544752
53 13 24.5073325896
54 13 24.5040206292
55 13 24.50349068832
56 13 24.50181713112
57 13 24.50403414648
58 13 24.50291479776
59 13 24.50556980928
60 13 24.50557253088
0 14 24.45203992896
1 14 24.42292411608
2 14 24.40254658968
3 14 24.38173918656
4 14 24.46249227912
5 14 24.49573657776
6 14 24.46718858136
7 14 24.45032309832
8 14 24.44216074776
9 14 24.43839450696
10 14 24.43089727008
11 14 24.42705532344
12 14 24.43252755384
13 14 24.44427230112
14 14 24.45234003072
15 14 24.46486070616
16 14 24.472628334
17 14 24.47237962512
18 14 24.47694610704
19 14 24.48655761888
20 14 24.49159457472
21 14 24.49477408392
22 14 24.49692618912
23 14 24.49821854088
24 14 24.5052480708
25 14 24.50725420752
26 14 24.50920355352
27 14 24.51976136568
28 14 24.51771739872
29 14 24.51840682536
30 14 24.52713694704
31 14 24.53113030536
32 14 24.53745416976
33 14 24.54107979456
34 14 24.54538400496
35 14 24.5490501816
36 14 24.56164116504
37 14 24.56934120648
38 14 24.57694390536
39 14 24.5760273612
40 14 24.58516576824
41 14 24.58381122792
42 14 24.5842681392
43 14 24.58712590992
44 14 24.58985934888
45 14 24.58965114648
46 14 24.58849668912
47 14 24.59060012304
48 14 24.58849668912
49 14 24.59060012304
50 14 24.58597145256
51 14 24.58279466496
52 14 24.58166452056
53 14 24.5792068704
54 14 24.57611658432
55 14 24.5766465252
56 14 24.57446734008
57 14 24.57421051176
58 14 24.573291246
59 14 24.57406994112
60 14 24.58273787424
0 15 24.48878275368
1 15 24.45627927456
2 15 24.43558268592
3 15 24.41233659312
4 15 24.48053385624
5 15 24.55503071616
6 15 24.55087515048
7 15 24.52141872936
8 15 24.51419991216
9 15 24.5033014464
10 15 24.49634762232
11 15 24.49605831624
12 15 24.5043640044
13 15 24.51766600584
14 15 24.52681525392
15 15 24.5271342708
16 15 24.53632674696
17 15 24.53942515248
18 15 24.54232615128
19 15 24.54351576264
20 15 24.5499369696
21 15 24.536126664
22 15 24.55865361936
23 15 24.56725668768
24 15 24.56356887432
25 15 24.57231523488
26 15 24.57351296568
27 15 24.57668435544
28 15 24.5811562164
29 15 24.58516304664
30 15 24.5885750712
31 15 24.59337139224
32 15 24.59991157848
33 15 24.60701681424
34 15 24.61084247664
35 15 24.61712311296
36 15 24.62672922696
37 15 24.62857583256
38 15 24.63800894352
39 15 24.64078021272
40 15 24.64654710168
41 15 24.65705896416
42 15 24.65821342152
43 15 24.66184176792
44 15 24.66176334048
45 15 24.6644156304
46 15 24.67274023368
47 15 24.67744461
48 15 24.66720313848
49 15 24.66495369072
50 15 24.662982708
51 15 24.65837567424
52 15 24.65671558896
53 15 24.65391460896
54 15 24.65048094768
55 15 24.6521409876
56 15 24.65071346304
57 15 24.6470797188
58 15 24.6431485944
59 15 24.6393174888
60 15 24.63668143776
0 16 23.21745381144
1 16 23.057696844
2 16 23.00964454656
3 16 23.08795894944
4 16 23.3022056148
5 16 23.43513681432
6 16 23.50616485896
7 16 23.57787960864
8 16 23.68727536392
9 16 23.65924374576
10 16 23.7010316004
11 16 23.73766361064
12 16 23.75412080832
13 16 23.833224702
14 16 23.85817410816
15 16 23.8839671196
16 16 23.91228260064
17 16 23.94016013088
18 16 23.96796730776
19 16 24.00265264824
20 16 24.02002643544
21 16 24.04919359584
22 16 24.070968936
23 16 24.09635366208
24 16 24.11842098456
25 16 24.13909049328
26 16 24.16375875816
27 16 24.19131454992
28 16 24.21039432672
29 16 24.23674154664
30 16 24.268360914
31 16 24.28823557944
32 16 24.306623208
33 16 24.32686284
34 16 24.34419607536
35 16 24.35672214864
36 16 24.37463934864
37 16 24.39786385008
38 16 24.41596761576
39 16 24.42972657384
40 16 24.45747428376
41 16 24.46573942008
42 16 24.4895911596
43 16 24.50616193872
44 16 24.51932609112
45 16 24.54150967128
46 16 24.55603915968
47 16 24.57682224984
48 16 24.59320646328
49 16 24.60613810032
50 16 24.62342534064
51 16 24.6373681428
52 16 24.64775834976
53 16 24.66362618496
54 16 24.67580888304
55 16 24.6864370032
56 16 24.70003915176
57 16 24.71187852
58 16 24.72253907256
59 16 24.7290413832
60 16 24.7388556996
0 17 24.70628463408
1 17 24.68434708656
2 17 24.66488878056
3 17 24.65079189048
4 17 24.77371676472
5 17 24.84518820336
6 17 24.81692946768
7 17 24.82070378256
8 17 24.83436000024
9 17 24.83991065808
10 17 24.832851372
11 17 24.8399620056
12 17 24.84853536312
13 17 24.85400487192
14 17 24.85597585464
15 17 24.8606856288
16 17 24.86473573248
17 17 24.86938603968
18 17 24.87407417712
19 17 24.8784000696
20 17 24.88029802272
21 17 24.88244473008
22 17 24.88483747008
23 17 24.88461579576
24 17 24.88935260448
25 17 24.88962027384
26 17 24.8919345864
27 17 24.89150470968
28 17 24.8906719908
29 17 24.8894445492
30 17 24.88770608184
31 17 24.88510241784
32 17 24.87963290904
33 17 24.86387325744
34 17 24.88493481264
35 17 24.86483575128
36 17 24.85255571064
37 17 24.84714027096
38 17 24.86521155888
39 17 24.84182485008
40 17 24.83316499104
41 17 24.82630850952
42 17 24.82202316888
43 17 24.81699437784
44 17 24.8142149892
45 17 24.81160057488
46 17 24.80996212632
47 17 24.80861298384
48 17 24.80696106336
49 17 24.80647439592
50 17 24.80629594968
51 17 24.80552269776
52 17 24.80473592856
53 17 24.80502251304
54 17 24.8039600004
55 17 24.80309752536
56 17 24.801978222
57 17 24.8008480776
58 17 24.79913124696
59 17 24.79737114288
60 17 24.7950000396
0 18 24.72061403952
1 18 24.68988418176
2 18 24.66004923144
3 18 24.63568646616
4 18 24.71134590288
5 18 24.74671527216
6 18 24.71762649384
7 18 24.71772116016
8 18 24.71719661712
9 18 24.71133506184
10 18 24.70800146472
11 18 24.71212183104
12 18 24.71404686408
13 18 24.71520132144
14 18 24.71404414248
15 18 24.71289508296
16 18 24.7121543088
17 18 24.71021575848
18 18 24.70693890672
19 18 24.704081136
20 18 24.70034737296
21 18 24.69685964256
22 18 24.69283929504
23 18 24.68755630656
24 18 24.68328185232
25 18 24.67886406048
26 18 24.6743354088
27 18 24.670125774
28 18 24.66567554976
29 18 24.65938411776
30 18 24.65256279024
31 18 24.64576305408
32 18 24.63657057792
33 18 24.6276241344
34 18 24.62090014944
35 18 24.6138462612
36 18 24.60641656536
37 18 24.60022519752
38 18 24.59532885768
39 18 24.59433388608
40 18 24.5974322916
41 18 24.6067356276
42 18 24.61296214944
43 18 24.6261587796
44 18 24.62845689864
45 18 24.6391147296
46 18 24.64556297112
47 18 24.65842162392
48 18 24.66027090576
49 18 24.66718150176
50 18 24.67141005168
51 18 24.67207512
52 18 24.673616226
53 18 24.67338371064
54 18 24.67411101288
55 18 24.6731052456
56 18 24.67225356624
57 18 24.6705367356
58 18 24.66781146144
59 18 24.66664888464
60 18 24.66358291152
0 19 24.4907888904
1 19 24.46867289664
2 19 24.42768528312
3 19 24.4229133204
4 19 24.57026854632
5 19 24.56626983552
6 19 24.539406192
7 19 24.57216114696
8 19 24.56803261584
9 19 24.557534316
10 19 24.55784249184
11 19 24.55698006216
12 19 24.56749732248
13 19 24.57590842728
14 19 24.58267300944
15 19 24.58309204512
16 19 24.58574977824
17 19 24.58713675096
18 19 24.59047846752
19 19 24.59217638304
20 19 24.59470701744
21 19 24.5969240328
22 19 24.59807576856
23 19 24.59878683192
24 19 24.60097953432
25 19 24.60235026816
26 19 24.60358043136
27 19 24.60195282384
28 19 24.601841964
29 19 24.60111198552
30 19 24.59859759
31 19 24.59252783232
32 19 24.59036760768
33 19 24.58691235504
34 19 24.5852955432
35 19 24.5864256876
36 19 24.5886778116
37 19 24.59667800016
38 19 24.610293666
39 19 24.62144356224
40 19 24.6312200484
41 19 24.6408558732
42 19 24.65178681672
43 19 24.6624662844
44 19 24.66979323984
45 19 24.6771012348
46 19 24.6839793984
47 19 24.6862315224
48 19 24.68928397824
49 19 24.69072774168
50 19 24.68224093104
51 19 24.68091342528
52 19 24.67761226056
53 19 24.67476800712
54 19 24.673616226
55 19 24.66891996912
56 19 24.666227082
57 19 24.66265017384
58 19 24.65929489464
59 19 24.65734554864
60 19 24.6548446704
0 20 24.60782249856
1 20 24.56352560088
2 20 24.52868345088
3 20 24.52835091672
4 20 24.608309166
5 20 24.58822362192
6 20 24.60345877584
7 20 24.61687168248
8 20 24.61252687488
9 20 24.62042427768
10 20 24.62669407296
11 20 24.63394532256
12 20 24.63750336096
13 20 24.6427727868
14 20 24.65322785856
15 20 24.65536377024
16 20 24.65811340272
17 20 24.66195262776
18 20 24.66328008816
19 20 24.67039616496
20 20 24.66908489808
21 20 24.6688659
22 20 24.67161008928
23 20 24.6715317072
24 20 24.6726212544
25 20 24.6723157548
26 20 24.67309440456
27 20 24.6723184764
28 20 24.67145600136
29 20 24.66956072448
30 20 24.66733558968
31 20 24.66285021144
32 20 24.65620733016
33 20 24.64903990584
34 20 24.64596313704
35 20 24.64051254336
36 20 24.64538992272
37 20 24.66336931128
38 20 24.66919843416
39 20 24.6821327928
40 20 24.69442095288
41 20 24.70877739288
42 20 24.71796986904
43 20 24.72252827688
44 20 24.73158825648
45 20 24.73514357328
46 20 24.742308276
47 20 24.74572302216
48 20 24.74548510896
49 20 24.74786972952
50 20 24.74539856208
51 20 24.7439494008
52 20 24.74248672224
53 20 24.739507296
54 20 24.73733623032
55 20 24.73521115968
56 20 24.73270755984
57 20 24.73008230448
58 20 24.72804645696
59 20 24.7262728356
60 20 24.72454520928
0 21 24.6303250956
1 21 24.60586235688
2 21 24.5684409012
3 21 24.5630362572
4 21 24.69743553312
5 21 24.69406945824
6 21 24.65391460896
7 21 24.6418535664
8 21 24.6330612108
9 21 24.63076853496
10 21 24.65008350336
11 21 24.65506366848
12 21 24.66736806744
13 21 24.66754918992
14 21 24.67360543032
15 21 24.67677949632
16 21 24.68058356736
17 21 24.68239501896
18 21 24.682441014
19 21 24.68597469408
20 21 24.68755902816
21 21 24.6865045896
22 21 24.68899739376
23 21 24.68865401856
24 21 24.68983011264
25 21 24.69380451048
26 21 24.68822142024
27 21 24.6864072924
28 21 24.68348188992
29 21 24.67756898712
30 21 24.6583324008
31 21 24.65090270496
32 21 24.65714818728
33 21 24.64994833056
34 21 24.64799898456
35 21 24.64710407712
36 21 24.66187692192
37 21 24.67143164304
38 21 24.68128111344
39 21 24.6985413192
40 21 24.70564115712
41 21 24.713384472
42 21 24.71958668088
43 21 24.7249020564
44 21 24.7301039412
45 21 24.73703612856
46 21 24.74288416656
47 21 24.74353031976
48 21 24.74216230752
49 21 24.74275167
50 21 24.74184324528
51 21 24.74009398224
52 21 24.73892060976
53 21 24.73754710896
54 21 24.73597357056
55 21 24.73427030256
56 21 24.73288600608
57 21 24.73278598728
58 21 24.7317774984
59 21 24.73101236592
60 21 24.73070414472
0 22 24.80418979416
1 22 24.72518868624
2 22 24.69957412104
3 22 24.7227823836
4 22 24.76965318912
5 22 24.73699285512
6 22 24.70807717056
7 22 24.69434524704
8 22 24.68343866184
9 22 24.67667135808
10 22 24.67353779856
11 22 24.67422454896
12 22 24.67647127512
13 22 24.68133518256
14 22 24.68494456848
15 22 24.69019240296
16 22 24.6981006468
17 22 24.69840074856
18 22 24.70246164792
19 22 24.7057195392
20 22 24.70956416208
21 22 24.70946142168
22 22 24.71324925384
23 22 24.71124856032
24 22 24.71335743744
25 22 24.71315195664
26 22 24.71165680032
27 22 24.7105807704
28 22 24.70219670016
29 22 24.67284025248
30 22 24.62983847352
31 22 24.57827680896
32 22 24.54383482488
33 22 24.5630362572
34 22 24.62387145624
35 22 12.08544687504
36 22 27.35516692944
37 22 22.59200645352
38 22 22.6038890952
39 22 22.8129068412
40 22 23.08315455432
41 22 23.42219705784
42 22 23.5363296672
43 22 23.67416528064
44 22 23.78793827592
45 22 23.88753323208
46 22 23.96251675944
47 22 24.02803197648
48 22 24.08413576464
49 22 24.1316932752
50 22 24.1693391268
51 22 24.2054438724
52 22 24.24422798784
53 22 24.26782829688
54 22 24.29111766312
55 22 24.3155155824
56 22 24.33265680888
57 22 24.3546619428
58 22 24.36719885712
59 22 24.37913556792
60 22 24.39293507784
0 23 24.16080364488
1 23 24.30745052904
2 23 24.2968088916
3 23 24.37484210784
4 23 24.38821718424
5 23 24.34851652464
6 23 24.34784061528
7 23 24.36493861368
8 23 24.36956728416
9 23 24.38029814472
10 23 24.39828560736
11 23 24.41862802512
12 23 24.43860270936
13 23 24.4413090684
14 23 24.45637929336
15 23 24.45198585984
16 23 24.47154146304
17 23 24.47336643192
18 23 24.48474076944
19 23 24.48710107704
20 23 24.49465510464
21 23 24.49781842032
22 23 24.50208480048
23 23 24.50396656008
24 23 24.51081224592
25 23 24.512769666
26 23 24.5005328988
27 23 24.38633542464
28 23 24.37703208864
29 23 24.36090742512
30 23 24.2638512228
31 23 24.40894615992
32 23 24.347721636
33 23 24.35465926656
34 23 24.40111906512
35 23 -0.02736481386744
36 23 16.1381188836
37 23 20.3257552176
38 23 19.08369477
39 23 19.12078369152
40 23 19.55892096648
41 23 20.05003527408
42 23 20.3777926632
43 23 19.41858579024
44 23 21.64783737312
45 23 21.43603892304
46 23 21.82072066272
47 23 21.98175238224
48 23 22.16559768696
49 23 22.33650994848
50 23 22.47906889872
51 23 22.60589518656
52 23 22.72165268184
53 23 22.81776802704
54 23 22.90575345408
55 23 22.98411652824
56 23 23.05536084936
57 23 23.1498783432
58 23 23.20012597392
59 23 23.23985906592
60 23 23.29604940096
0 24 23.48282137824
1 24 23.41804153752
2 24 23.41143648648
3 24 23.47252851384
4 24 23.61829128624
5 24 23.67396519768
6 24 23.63707635912
7 24 23.66846053488
8 24 23.6984685336
9 24 23.72496176736
10 24 23.74091882568
11 24 23.77466058744
12 24 23.80079692872
13 24 23.82365641824
14 24 23.85367793424
15 24 23.85961519536
16 24 23.88686544216
17 24 23.90140037376
18 24 23.9140886544
19 24 23.92367045544
20 24 23.9372347284
21 24 23.94824137776
22 24 23.9564172456
23 24 23.96357115264
24 24 23.97412356696
25 24 23.96211931512
26 24 23.93479876032
27 24 23.98485442752
28 24 23.94631634472
29 24 23.94755462736
30 24 23.876680716
31 24 23.87575065456
32 24 23.84561560248
33 24 23.91718166208
34 24 23.90095153656
35 24 3.288683380752
36 24 15.744247344
37 24 21.98378959056
38 24 19.52866425888
39 24 19.6592324292
40 24 19.95268164624
41 24 20.51361946368
42 24 20.69425414224
43 24 21.18657833712
44 24 21.43839786984
45 24 21.70775063016
46 24 21.95030198088
47 24 22.1310677952
48 24 22.35911260968
49 24 22.45522659408
50 24 22.56843993768
51 24 22.6674888048
52 24 22.76316207144
53 24 22.83779138256
54 24 22.91226660576
55 24 22.977681804
56 24 23.03811955872
57 24 23.09221453392
58 24 23.14229183784
59 24 23.21726452416
60 24 23.24075669496
0 25 23.09506150896
1 25 23.21940311208
2 25 23.23048006944
3 25 23.34572653896
4 25 23.46953284872
5 25 23.52421451016
6 25 23.56260118128
7 25 23.55976232568
8 25 23.56451537328
9 25 23.58688551912
10 25 23.60467294416
11 25 23.63578945056
12 25 23.65287932952
13 25 23.67384894
14 25 23.69003579208
15 25 23.71212475128
16 25 23.72286912912
17 25 23.74389553032
18 25 23.7559809312
19 25 23.77054289736
20 25 23.77751023872
21 25 23.78510481816
22 25 23.79604927896
23 25 23.80521472056
24 25 23.81048954424
25 25 16.6157905284
26 25 12.78795003192
27 25 26.23952316888
28 25 22.10080160736
29 25 22.093559838
30 25 22.25766968712
31 25 22.50698829624
32 25 22.66692643152
33 25 22.82146663608
34 25 22.95156709944
35 25 22.9801772844
36 25 0.1458386220312
37 25 21.79024355088
38 25 20.14190855208
39 25 17.86070738592
40 25 18.93757914216
41 25 19.2844420272
42 25 19.73450521728
43 25 20.11388913576
44 25 2.841311372256
45 25 25.8376123404
46 25 19.48960571544
47 25 19.07441443152
48 25 19.43337079152
49 25 20.00929237776
50 25 20.23672750848
51 25 20.53703320704
52 25 20.799052344
53 25 21.02936552136
54 25 21.23247036456
55 25 21.41549642232
56 25 21.57101404416
57 25 21.7137419604
58 25 21.83672094912
59 25 21.94990322112
60 25 22.09826689056
0 26 22.73887505736
1 26 22.46800818024
2 26 22.49642236464
3 26 22.61269356192
4 26 22.77494464896
5 26 22.85583023808
6 26 22.8617026344
7 26 22.8937735152
8 26 22.9125450708
9 26 22.93872468552
10 26 22.96741869576
11 26 22.9928980428
12 26 23.02998696432
13 26 23.05850520456
14 26 23.08013185464
15 26 23.101596252
16 26 23.1397233732
17 26 23.15095441848
18 26 23.1775395516
19 26 23.18671578888
20 26 23.20666888176
21 26 23.22352352376
22 26 23.23570622184
23 26 23.23555213392
24 26 23.24576117304
25 26 23.26796366832
26 26 23.25027902904
27 26 23.27247068328
28 26 23.25958231968
29 26 23.25674618568
30 26 23.21575049808
31 26 23.2658926668
32 26 23.23499788008
33 26 23.22194998536
34 26 23.27497428312
35 26 23.28190651584
36 26 0.0670332701808
37 26 22.24028374344
38 26 19.01882162376
39 26 17.4202124796
40 26 18.71410892904
41 26 19.28197358136
42 26 19.56662640576
43 26 19.91819502792
44 26 20.19803533776
45 26 20.5612405236
46 26 20.74486542408
47 26 21.10078425168
48 26 21.29055461568
49 26 21.4660861128
50 26 21.62097105336
51 26 21.75792799824
52 26 21.9291255288
53 26 22.00396707936
54 26 22.09835611368
55 26 22.18575217824
56 26 22.26432744648
57 26 22.33877967216
58 26 22.40551294128
59 26 22.46214798576
60 26 22.51988074224
0 27 22.38090686496
1 27 22.5446301108
2 27 22.5758169252
3 27 22.70753415504
4 27 22.90438272024
5 27 22.95420587208
6 27 22.95743677416
7 27 22.97468346264
8 27 23.00019524208
9 27 23.03169567552
10 27 23.06006254944
11 27 23.09308780464
12 27 23.11156198008
13 27 23.13915020424
14 27 23.1595899192
15 27 23.181062436
16 27 23.19013593288
17 27 23.21386601688
18 27 23.2294797
19 27 23.239669824
20 27 23.25723552936
21 27 23.26518704664
22 27 23.26722289416
23 27 23.25287180664
24 27 23.2568354088
25 27 23.26451109192
26 27 23.27029154352
27 27 23.27390904888
28 27 23.27897571552
29 27 23.27050242216
30 27 23.23342434168
31 27 23.27701285224
32 27 23.23119925224
33 27 23.19991241904
34 27 23.23867217616
35 27 23.24259250488
36 27 23.30552034216
37 27 17.35857159624
38 27 23.110456194
39 27 21.79358798904
40 27 21.88396615608
41 27 21.94886229984
42 27 22.38129482904
43 27 22.54185072216
44 27 22.51421926992
45 27 22.71357143496
46 27 22.7164481208
47 27 22.83620704848
48 27 22.9624331328
49 27 23.01051786264
50 27 23.05935688392
51 27 23.10547330728
52 27 23.14780462008
53 27 23.20025847048
54 27 23.21312252112
55 27 23.24783489616
56 27 23.27411180808
57 27 23.29073398008
58 27 23.31835191504
59 27 23.33804541264
60 27 23.35877715528
0 28 23.36357887416
1 28 23.33369253096
2 28 23.33254074984
3 28 23.3202255552
4 28 23.39375987592
5 28 23.53613226048
6 28 23.54514361416
7 28 23.54646567672
8 28 23.55511201848
9 28 23.56367453496
10 28 23.58510110208
11 28 23.60862298368
12 28 23.62727288376
13 28 23.63959891944
14 28 23.64735303
15 28 23.65280090208
16 28 23.6620555668
17 28 23.6745708444
18 28 23.67620112816
19 28 23.67212398992
20 28 23.68208159856
21 28 23.6742950556
22 28 23.67839383056
23 28 23.67826945344
24 28 23.65016480568
25 28 23.649710616
26 28 23.66339658984
27 28 23.65595609832
28 28 23.6109724956
29 28 23.60887985736
30 28 23.5560528756
31 28 23.58035345232
32 28 23.51697138
33 28 23.43640752936
34 28 23.35238570448
35 28 23.35402410768
36 28 8.56678149936
37 28 26.14734978912
38 28 21.53111334696
39 28 21.0521790612
40 28 21.39960427416
41 28 21.71232391608
42 28 22.01304869568
43 28 22.12844390064
44 28 22.38845821632
45 28 21.09952297152
46 28 22.72225288536
47 28 22.53147407784
48 28 22.74590458728
49 28 22.79003923224
50 28 22.875956334
51 28 22.95258906024
52 28 23.01711751584
53 28 23.07620073024
54 28 23.1303903264
55 28 23.18093266104
56 28 23.21382274344
57 28 23.25322330128
58 28 23.28580788408
59 28 23.32252907208
60 28 23.34288500712
0 29 22.99162460616
1 29 23.13860674608
2 29 23.17838311152
3 29 23.19158509416
4 29 23.232970152
5 29 23.37320662488
6 29 23.49247616352
7 29 23.48997256368
8 29 23.50302857784
9 29 23.52748324248
10 29 23.54999668056
11 29 23.57593026264
12 29 23.60083104288
13 29 23.62162220712
14 29 23.62479364224
15 29 23.63733863064
16 29 23.64624719856
17 29 23.66029818432
18 29 23.66673290856
19 29 23.6742274692
20 29 23.67683108784
21 29 23.6665003932
22 29 23.65810548192
23 29 23.65903554336
24 29 23.65529098464
25 29 23.66946902376
26 29 23.667008652
27 29 23.65921131336
28 29 23.61139425288
29 29 23.55746148504
30 29 23.61546594792
31 29 23.5323227916
32 29 23.40465566544
33 29 23.3973693072
34 29 23.15080840464
35 29 23.01846933456
36 29 23.31528866352
37 29 19.17934508448
38 29 24.28162513056
39 29 22.03182025128
40 29 22.75498887984
41 29 22.66509738024
42 29 22.8651227784
43 29 23.13962603064
44 29 23.17745305008
45 29 23.24681289
46 29 23.2862404824
47 29 23.16507294528
48 29 23.46499067976
49 29 23.4739911924
50 29 23.50417223952
51 29 23.5309601772
52 29 23.56598884752
53 29 23.59176834168
54 29 23.614938774
55 29 23.634559242
56 29 23.6524791636
57 29 23.6701881612
58 29 23.68555853328
59 29 23.68859202864
60 29 23.71530426048
0 30 23.33631511008
1 30 23.37870856608
2 30 23.457406896
3 30 23.49206252568
4 30 23.60974228704
5 30 23.6620907208
6 30 23.6804864688
7 30 23.70949949592
8 30 23.73234818976
9 30 23.75036540856
10 30 23.77521484128
11 30 23.78579156856
12 30 23.80058872632
13 30 23.81423142672
14 30 23.81796518976
15 30 23.8261816548
16 30 23.83411960944
17 30 23.84047862784
18 30 23.84278214472
19 30 23.845772412
20 30 23.83550658216
21 30 23.83607975112
22 30 23.7996127152
23 30 23.77264633128
24 30 23.8119197904
25 30 23.78227140576
26 30 23.79312392184
27 30 23.75739766008
28 30 23.74759686096
29 30 23.68736186544
30 30 23.61057232968
31 30 23.49593146152
32 30 23.43927614112
33 30 23.03931189168
34 30 22.72990430088
35 30 21.92079956472
36 30 20.48120656848
37 30 22.55534881488
38 30 20.74928321592
39 30 20.68602688152
40 30 22.00771163808
41 30 22.17631906728
42 30 22.55908121712
43 30 22.73042340072
44 30 22.8670721244
45 30 22.9870851588
46 30 23.00037368832
47 30 23.14818587088
48 30 23.31467494272
49 30 23.3614645992
50 30 23.43734838648
51 30 23.46293051928
52 30 23.49966522456
53 30 23.5351319364
54 30 23.56702709256
55 30 23.59288764504
56 30 23.618183148
57 30 23.64103723968
58 30 23.65624535904
59 30 23.67756378792
60 30 23.6927556684
0 31 23.25531866112
1 31 23.37793531416
2 31 23.40515585016
3 31 23.47318550808
4 31 23.57929633752
5 31 23.68490426064
6 31 23.69472937272
7 31 23.71507174512
8 31 23.72426422128
9 31 23.7345056928
10 31 23.7345760008
11 31 23.7656897856
12 31 23.77658017728
13 31 23.78607815304
14 31 23.79723077088
15 31 23.79826357272
16 31 23.79002279472
17 31 23.82829592976
18 31 23.81784353424
19 31 23.81277954384
20 31 23.80659085224
21 31 23.80239205848
22 31 23.8026570516
23 31 23.73808264632
24 31 23.80661521056
25 31 23.79770931888
26 31 23.77436316192
27 31 23.71804037568
28 31 23.71179221712
29 31 23.60809308816
30 31 23.44278546288
31 31 23.19079832496
32 31 22.6433801916
33 31 21.794949288
34 31 21.52088131032
35 31 23.19422119056
36 31 20.52331076376
37 31 -0.0796137745536
38 31 20.37575545488
39 31 17.26017704712
40 31 17.20529126568
41 31 17.63139993048
42 31 18.72014625432
43 31 19.0930643316
44 31 19.56698329824
45 31 19.93592566224
46 31 20.29982975496
47 31 20.57068710648
48 31 20.90738286504
49 31 21.14223685056
50 31 21.34503079632
51 31 21.52324025712
52 31 21.68370692712
53 31 21.86147303928
54 31 21.94952736816
55 31 22.05982751112
56 31 22.15360418544
57 31 22.23584299944
58 31 22.31392760856
59 31 22.38530302008
60 31 22.44624504192
0 32 22.26373939944
1 32 22.52901506688
2 32 22.56058984536
3 32 22.61768724432
4 32 22.71867593184
5 32 22.82853132
6 32 22.8422767608
7 32 22.88167731864
8 32 22.9170953592
9 32 22.94778194352
10 32 22.98751775712
11 32 23.02642080648
12 32 23.0671299096
13 32 23.08950277704
14 32 23.11151870664
15 32 23.13645736248
16 32 23.1647187744
17 32 23.17963758768
18 32 23.19021975816
19 32 23.20125611832
20 32 23.20018816248
21 32 23.19076589256
22 32 23.20828564824
23 32 23.20670131416
24 32 23.25206072448
25 32 23.25793307544
26 32 23.25283937424
27 32 23.23010154024
28 32 23.17765313304
29 32 23.03198226
30 32 22.96625339736
31 32 22.8097949184
32 32 22.43079628776
33 32 21.64392788544
34 32 20.43248920272
35 32 22.44446330112
36 32 21.4644774204
37 32 20.48985558648
38 32 16.77785373432
39 32 18.16529706432
40 32 20.23091326368
41 32 20.885520978
42 32 21.1990354632
43 32 21.25077825024
44 32 21.64297618728
45 32 21.83282225712
46 32 22.07315119464
47 32 22.2075247968
48 32 22.3182034236
49 32 22.48962267384
50 32 22.57775543016
51 32 22.6807894908
52 32 22.75598385144
53 32 22.81226876208
54 32 22.8652227972
55 32 22.93901938944
56 32 22.96467178488
57 32 23.00283401472
58 32 23.03705432448
59 32 23.06984438808
60 32 23.097219012
0 33 22.76721489672
1 33 22.9230758484
2 33 22.96430677296
3 33 22.99340634696
4 33 23.0553365364
5 33 23.16778474752
6 33 23.22278270424
7 33 23.20593885792
8 33 23.22757362744
9 33 23.25198774024
10 33 23.26768520328
11 33 23.29548430608
12 33 23.3212205268
13 33 23.3404354764
14 33 23.3642358684
15 33 23.37364729728
16 33 23.38852288248
17 33 23.3924080572
18 33 23.41101468384
19 33 23.40937355904
20 33 23.40391216968
21 33 23.40854356176
22 33 23.40791088048
23 33 23.4155892852
24 33 23.41011710016
25 33 23.4244465056
26 33 23.43052433736
27 33 23.39611750728
28 33 23.27668031808
29 33 23.1767230716
30 33 23.08281117912
31 33 22.96860290928
32 33 22.34666491848
33 33 19.86980071608
34 33 18.17561827872
35 33 19.56664940328
36 33 20.09593814256
37 33 17.10787005144
38 33 -0.084431133108
39 33 21.84132934368
40 33 17.11705168656
41 33 17.774824032
42 33 17.48135317824
43 33 18.19224181152
44 33 18.94926442248
45 33 19.29211503408
46 33 19.64721733632
47 33 20.06664660504
48 33 20.36430409608
49 33 20.61652374936
50 33 20.837314638
51 33 21.04071686136
52 33 21.22209503568
53 33 21.38721337368
54 33 21.52497736368
55 33 21.70711799424
56 33 21.77762961528
57 33 21.87739898064
58 33 21.9579520356
59 33 22.0365597816
60 33 22.10476652496
0 34 22.25910941352
1 34 22.29840178776
2 34 22.30811472456
3 34 22.357905444
4 34 22.37825997288
5 34 22.47592454352
6 34 22.58857279224
7 34 22.61473077024
8 34 22.6286087076
9 34 22.67198497872
10 34 22.70366789544
11 34 22.73770163952
12 34 22.79091522456
13 34 22.80788884584
14 34 22.84773547392
15 34 22.8661447392
16 34 22.88502443304
17 34 22.90371760656
18 34 22.92005314872
19 34 22.928237136
20 34 22.92726924432
21 34 22.92576869016
22 34 22.94158245624
23 34 22.96312795728
24 34 22.97698697952
25 34 22.9874258124
26 34 22.99631006736
27 34 22.96429325568
28 34 22.94062808184
29 34 22.88023895304
30 34 22.74153274512
31 34 22.19892172848
32 34 22.0670584848
33 34 18.34538828472
34 34 15.16969653696
35 34 14.12652326904
36 34 18.20758914072
37 34 21.64196774376
38 34 15.73898735304
39 34 -0.0737664986016
40 34 19.97222781456
41 34 18.04779706464
42 34 17.26827181128
43 34 17.3846525076
44 34 17.98034193648
45 34 18.51128259624
46 34 18.92243053512
47 34 19.49829800688
48 34 19.7365086324
49 34 20.01917291976
50 34 20.26763581248
51 34 20.48244757272
52 34 20.6757488952
53 34 20.8471586652
54 34 20.99726220816
55 34 21.13611170832
56 34 21.25807408872
57 34 21.413459214
58 34 21.48949581912
59 34 21.5790885324
60 34 21.65638637232
0 35 21.44054725344
1 35 21.7553243796
2 35 21.84161728896
3 35 21.91058784936
4 35 21.96898299792
5 35 22.04023539312
6 35 22.15639709136
7 35 22.24358359272
8 35 22.26895616232
9 35 22.32821374056
10 35 22.36608807048
11 35 22.42220269968
12 35 22.4750161188
13 35 22.49574917688
14 35 22.53059944632
15 35 22.56429793464
16 35 22.58437535928
17 35 22.61337083208
18 35 22.63485146832
19 35 22.64695850592
20 35 22.65493025376
21 35 22.6473126768
22 35 22.63526379072
23 35 22.674531852
24 35 22.67908481664
25 35 22.7221231104
26 35 22.72337223408
27 35 22.69788744384
28 35 22.65330264624
29 35 22.58065511352
30 35 22.45468454208
31 35 22.051842246
32 35 21.7990913364
33 35 20.01499707816
34 35 18.94893184296
35 35 16.74077560848
36 35 17.98491653784
37 35 15.96541404024
38 35 22.22809020432
39 35 20.68331512464
40 35 20.81073485736
41 35 21.0596317092
42 35 21.37551734304
43 35 20.61723209112
44 35 21.3757836516
45 35 21.52511253648
46 35 21.85023115296
47 35 21.93601580352
48 35 22.11416987976
49 35 22.17063595824
50 35 22.2501954024
51 35 22.32276722928
52 35 22.3755117012
53 35 22.4275856616
54 35 22.47891612624
55 35 22.51789624224
56 35 22.56552673704
57 35 22.60076769216
58 35 22.63318058736
59 35 22.66225045056
60 35 22.68977104296
0 36 22.62779894088
1 36 22.64735726568
2 36 22.67826561504
3 36 22.68077864976
4 36 22.6559279016
5 36 22.66279522416
6 36 22.74233031
7 36 22.91865805656
8 36 22.96687256136
9 36 22.9456136448
10 36 22.9650665076
11 36 22.98115334088
12 36 22.99246816608
13 36 23.01387581808
14 36 23.03822774232
15 36 23.04913432752
16 36 23.06232279288
17 36 23.07302122104
18 36 23.08257054432
19 36 23.0830977636
20 36 23.07880434888
21 36 23.084706456
22 36 23.08090782816
23 36 23.09251195944
24 36 23.09975776584
25 36 23.11686388368
26 36 23.09503715064
27 36 23.01046379352
28 36 22.9281019632
29 36 22.78559712744
30 36 22.5692159112
31 36 22.26009622032
32 36 22.04015837184
33 36 21.75397387632
34 36 20.24972945352
35 36 18.4660664328
36 36 14.36141104776
37 36 13.98369664944
38 36 21.30227092224
39 36 17.63957312208
40 36 21.20692070952
41 36 20.7729957456
42 36 20.96865606024
43 36 21.06074969712
44 36 21.22746588648
45 36 21.60831248352
46 36 21.9120288912
47 36 21.90445322688
48 36 22.1884436592
49 36 22.24411620984
50 36 22.32700657488
51 36 22.40373124584
52 36 22.46758506216
53 36 22.52619245016
54 36 22.57777434528
55 36 22.62566307456
56 36 22.65924934224
57 36 22.72320458352
58 36 22.75007094864
59 36 22.77838915128
60 36 22.80670735392
0 37 22.53294623664
1 37 22.68094630032
2 37 22.71986286696
3 37 22.75301522088
4 37 22.7807007876
5 37 22.80908925288
6 37 22.8367072332
7 37 22.957371864
8 37 23.00684084496
9 37 23.0007981672
10 37 23.0221706652
11 37 23.04603052416
12 37 23.06209567536
13 37 23.08336275672
14 37 23.10161521248
15 37 23.11497400464
16 37 23.14526319
17 37 23.1474180168
18 37 23.1578109
19 37 23.16213946872
20 37 23.16187179936
21 37 23.1599332944
22 37 23.15357695224
23 37 23.17832092296
24 37 23.16979895832
25 37 23.1685823124
26 37 23.15129507208
27 37 23.14121848416
28 37 22.97914448256
29 37 22.8227860224
30 37 22.72926350016
31 37 22.30191247032
32 37 21.95143076448
33 37 21.6722014992
34 37 20.97491369904
35 37 18.5189677596
36 37 16.78584847968
37 37 15.89153634432
38 37 14.29504142976
39 37 16.96020519816
40 37 21.9667348656
41 37 20.430074826
42 37 20.80208583936
43 37 21.12543763848
44 37 20.82531982104
45 37 21.45616093656
46 37 21.70227844512
47 37 21.92500783872
48 37 22.1494635432
49 37 22.19488917912
50 37 22.3045607232
51 37 22.39020884016
52 37 22.45161720816
53 37 22.52395515888
54 37 22.55764149072
55 37 22.62478844304
56 37 22.66585983648
57 37 22.71038380632
58 37 22.74729967944
59 37 22.78081704528
60 37 22.81153066416
0 38 22.640611644
1 38 22.74736998744
2 38 22.77664796232
3 38 22.8075725052
4 38 22.83288424704
5 38 22.8534591348
6 38 22.8648469896
7 38 22.93621029
8 38 22.98834779976
9 38 22.99914352512
10 38 23.02790784336
11 38 23.08828068792
12 38 23.10685488216
13 38 23.11424402616
14 38 23.13375367968
15 38 23.14979991576
16 38 23.16636801864
17 38 23.1714536004
18 38 23.19230160072
19 38 23.19219341712
20 38 23.20481143512
21 38 23.1991823952
22 38 23.19958256112
23 38 23.20608215016
24 38 23.1968220876
25 38 23.22612446616
26 38 23.1964138476
27 38 23.15285776944
28 38 23.06674330632
29 38 22.9996004364
30 38 22.90322014344
31 38 22.76173182528
32 38 22.10229671832
33 38 21.319327008
34 38 20.80023651216
35 38 20.55076381512
36 38 19.97491793472
37 38 18.12375655776
38 38 17.75315279304
39 38 16.66592462304
40 38 16.57508142528
41 38 16.41430245168
42 38 18.7568458056
43 38 20.72022423912
44 38 20.86061616072
45 38 21.28161760704
46 38 21.47713599024
47 38 21.70182557088
48 38 21.892128552
49 38 22.049006112
50 38 22.23432625176
51 38 22.30463778984
52 38 22.3958892276
53 38 22.4673214752
54 38 22.53391952616
55 38 22.59036805032
56 38 22.64294759328
57 38 22.68702413208
58 38 22.72556216952
59 38 22.76024751
60 38 22.79487878136
0 39 22.7430494928
1 39 22.78992025296
2 39 22.81388017608
3 39 22.8323975796
4 39 22.85430537096
5 39 22.87361766312
6 39 22.87785973032
7 39 22.92639864984
8 39 22.97784945456
9 39 23.00776011072
10 39 23.0167660212
11 39 23.04939115584
12 39 23.1045405696
13 39 23.14130503104
14 39 23.16409693416
15 39 23.1909119064
16 39 23.19888501504
17 39 23.21971405488
18 39 23.2264029312
19 39 23.23189679832
20 39 23.23289444616
21 39 23.22901466928
22 39 23.22594869616
23 39 23.21758898424
24 39 23.22329912784
25 39 23.22691123536
26 39 23.20675810488
27 39 23.1777098784
28 39 23.16713315112
29 39 22.9811046696
30 39 22.75551882072
31 39 22.48150627296
32 39 22.09453448832
33 39 21.41867461608
34 39 21.03688575576
35 39 20.72913956568
36 39 19.43918367552
37 39 19.2347283744
38 39 20.84399131248
39 39 17.5226165352
40 39 19.31420939112
41 39 19.51557445152
42 39 19.07073882
43 39 20.7488857716
44 39 21.47927457816
45 39 21.81492805464
46 39 21.93375556008
47 39 22.09650547104
48 39 22.2428752056
49 39 22.4161018704
50 39 22.47261389856
51 39 22.54861802592
52 39 22.6180414152
53 39 22.67461023408
54 39 22.72271791608
55 39 22.76623076616
56 39 22.805385246
57 39 22.84008410376
58 39 22.86943238664
59 39 22.90024067184
60 39 22.93368505344
0 40 22.8894314292
1 40 22.92914288448
2 40 22.9464301248
3 40 22.962811662
4 40 22.97791431936
5 40 22.995669312
6 40 22.9965885324
7 40 23.03997700536
8 40 23.06130622992
9 40 23.0760250056
10 40 23.08664228472
11 40 23.10261286032
12 40 23.13339138936
13 40 23.16447546336
14 40 23.19726280536
15 40 23.21461223424
16 40 23.2446986604
17 40 23.25592698408
18 40 23.26359187152
19 40 23.26812859728
20 40 23.28248236104
21 40 23.29254271008
22 40 23.28954976656
23 40 23.28833851848
24 40 23.26766628816
25 40 23.26730127624
26 40 23.28417760032
27 40 23.26060160424
28 40 23.19413196744
29 40 23.08477136616
30 40 22.74285213144
31 40 22.41412952688
32 40 22.14478892304
33 40 21.89491873632
34 40 21.2934461796
35 40 21.2895150552
36 40 21.36889469232
37 40 20.90333952
38 40 22.31999868168
39 40 21.53872144368
40 40 21.3864820344
41 40 21.46517768808
42 40 22.88170975104
43 40 22.7499925212
44 40 22.806926352
45 40 22.87609695
46 40 22.9475278368
47 40 23.0023013976
48 40 23.05134050184
49 40 23.10862850352
50 40 23.12788400496
51 40 23.16353183928
52 40 23.18214930696
53 40 23.19937168248
54 40 23.21800801992
55 40 23.235806286
56 40 23.24853784008
57 40 23.26367837304
58 40 23.273414262
59 40 23.28192003312
60 40 23.30219754072
0 41 23.22341266392
1 41 23.21673462864
2 41 23.21772955488
3 41 23.2210010088
4 41 23.22272323728
5 41 23.22807381216
6 41 23.22584867736
7 41 23.226059556
8 41 23.290514982
9 41 23.3232023052
10 41 23.34521016072
11 41 23.3493278508
12 41 23.37551014176
13 41 23.3918619228
14 41 23.3889230484
15 41 23.42020176216
16 41 23.431868082
17 41 23.4404170812
18 41 23.4505044648
19 41 23.46384973968
20 41 23.4666074916
21 41 23.47198510104
22 41 23.4793958364
23 41 23.46710495472
24 41 23.45551973856
25 41 23.45441395248
26 41 23.48003931336
27 41 23.4607270212
28 41 23.44461315336
29 41 23.35716846288
30 41 23.11087522968
31 41 22.95784773576
32 41 22.77202201344
33 41 22.66965982512
34 41 22.48468442136
35 41 22.31946606456
36 41 22.27150299024
37 41 22.6609229448
38 41 22.61215146456
39 41 22.55696694216
40 41 23.2164155664
41 41 23.2339218048
42 41 23.26393524672
43 41 23.29835019624
44 41 23.3343116496
45 41 23.36928629616
46 41 23.3931299616
47 41 23.42436540192
48 41 23.44024943064
49 41 23.45856407496
50 41 23.47357483296
51 41 23.48543311632
52 41 23.49575573688
53 41 23.503093488
54 41 23.51210207472
55 41 23.52355211808
56 41 23.52997332504
57 41 23.53678385688
58 41 23.54085019944
59 41 23.54403778272
60 41 23.55019404192
0 42 23.50581064272
1 42 23.48135869968
2 42 23.46470141904
3 42 23.44805761032
4 42 23.44069282464
5 42 23.434844832
6 42 23.42477903976
7 42 23.41686000024
8 42 23.5146462264
9 42 23.51056369032
10 42 23.54224257
11 42 23.55553377576
12 42 23.5606410396
13 42 23.57480283984
14 42 23.59157098032
15 42 23.59464502752
16 42 23.60973149136
17 42 23.61043175904
18 42 23.61407085576
19 42 23.62347693216
20 42 23.62641040872
21 42 23.62042991952
22 42 23.63307764832
23 42 23.6281705128
24 42 23.62398523632
25 42 23.62105983384
26 42 23.60930973408
27 42 23.6062870344
28 42 23.57803641816
29 42 23.45099113224
30 42 23.3228616516
31 42 23.24270331936
32 42 22.92788296512
33 42 22.915865196
34 42 22.87175754024
35 42 23.05702900872
36 42 23.08616645832
37 42 23.00800614336
38 42 23.21622632448
39 42 23.48089094736
40 42 23.47708147848
41 42 23.49087291432
42 42 23.57057156832
43 42 23.57420259096
44 42 23.58191614968
45 42 23.60128255632
46 42 23.61743965224
47 42 23.62264149168
48 42 23.63458360032
49 42 23.64036133032
50 42 23.65424194392
51 42 23.65875979992
52 42 23.66126067816
53 42 23.66990969616
54 42 23.67312168312
55 42 23.6762471232
56 42 23.6781234396
57 42 23.68120832784
58 42 23.6820221316
59 42 23.68685628288
60 42 23.69198246184
0 43 23.62573449936
1 43 23.58806973264
2 43 23.5730860092
3 43 23.56357451616
4 43 23.5583455968
5 43 23.55383858184
6 43 23.55170271552
7 43 23.5481581944
8 43 23.54634134496
9 43 23.5904164776
10 43 23.64942403152
11 43 23.69383986312
12 43 23.70548187
13 43 23.71408761456
14 43 23.71386321864
15 43 23.72215806576
16 43 23.7203898876
17 43 23.72260145976
18 43 23.72728419936
19 43 23.73043127616
20 43 23.73476256648
21 43 23.7414838752
22 43 23.74180289208
23 43 23.74134330456
24 43 23.74320070584
25 43 23.74783749576
26 43 23.74065383256
27 43 23.73230224008
28 43 23.75161720848
29 43 23.67284589432
30 43 23.49687231864
31 43 23.31787608864
32 43 23.00791692024
33 43 23.28997964328
34 43 23.22119564856
35 43 22.99257902592
36 43 23.28888465288
37 43 23.28970385448
38 43 23.5780390944
39 43 23.61554437536
40 43 23.61029654088
41 43 23.64609850848
42 43 23.67787473072
43 43 23.70406514112
44 43 23.71555569096
45 43 23.72905782072
46 43 23.74077820968
47 43 23.75064119736
48 43 23.75954708904
49 43 23.77132966656
50 43 23.77013193576
51 43 23.7796461504
52 43 23.77901619072
53 43 23.78168467416
54 43 23.7904121196
55 43 23.79026342952
56 43 23.78714338728
57 43 23.79205864224
58 43 23.79567347136
59 43 23.79730919832
60 43 23.80026698784
0 44 23.75424246384
1 44 23.72063047704
2 44 23.70100728744
3 44 23.69245828824
4 44 23.6844500256
5 44 23.68082979864
6 44 23.67762865272
7 44 23.67638769384
8 44 23.67544683672
9 44 23.67496016928
10 44 23.67434100528
11 44 23.65759450152
12 44 23.68541524104
13 44 23.77852680168
14 44 23.82924758256
15 44 23.80893764256
16 44 23.80869433152
17 44 23.80256782848
18 44 23.81033545632
19 44 23.82097709376
20 44 23.83232435136
21 44 23.84047590624
22 44 23.8422170952
23 44 23.84643480408
24 44 23.85197462088
25 44 23.8531236804
26 44 23.8557597768
27 44 23.85304797456
28 44 23.8376316528
29 44 23.8356823068
30 44 23.80548238992
31 44 23.78665671984
32 44 23.76342142272
33 44 23.74007798736
34 44 23.7664765548
35 44 23.73449489712
36 44 23.78339882856
37 44 23.85874999872
38 44 23.85226392696
39 44 23.84849228832
40 44 23.84247124728
41 44 23.86179433512
42 44 23.87166272064
43 44 23.87823261768
44 44 23.88770900208
45 44 23.88900403008
46 44 23.89656889872
47 44 23.90011341984
48 44 23.90244124968
49 44 23.90538284568
50 44 23.9068374048
51 44 23.90758634376
52 44 23.90908689792
53 44 23.91045491016
54 44 23.90895167976
55 44 23.91158505456
56 44 23.91261518016
57 44 23.91403186368
58 44 23.91614886024
59 44 23.91628131144
60 44 23.91554053728
0 45 23.84535065472
1 45 23.81220369864
2 45 23.79407562
3 45 23.78098712808
4 45 23.77330060392
5 45 23.76851512392
6 45 23.76547078752
7 45 23.76344305944
8 45 23.76232643232
9 45 23.76175054176
10 45 23.7617938152
11 45 23.7606988248
12 45 23.74790780376
13 45 23.77162976832
14 45 23.86236210624
15 45 23.88173930856
16 45 23.88596241528
17 45 23.88338850744
18 45 23.87844082008
19 45 23.88618413496
20 45 23.89818298896
21 45 23.90669411256
22 45 23.911220088
23 45 23.91857403264
24 45 23.91778998504
25 45 23.92984562976
26 45 23.92904262168
27 45 23.93201669544
28 45 23.92460863632
29 45 23.923592028
30 45 23.90095425816
31 45 23.90038916328
32 45 23.89666891752
33 45 23.90373632304
34 45 23.890290984
35 45 23.88096605664
36 45 23.91061983912
37 45 23.91745472928
38 45 23.92432205184
39 45 23.92183196928
40 45 23.91752231568
41 45 23.93147323728
42 45 23.94082252296
43 45 23.94282593808
44 45 23.94903894264
45 45 23.9520102948
46 45 23.95332428328
47 45 23.95750955976
48 45 23.95933180704
49 45 23.95850988384
50 45 23.95900739232
51 45 23.9593588416
52 45 23.9592939768
53 45 23.95761230016
54 45 23.9559386976
55 45 23.95352432088
56 45 23.9566930344
57 45 23.95162096992
58 45 23.9517723816
59 45 23.95006906824
60 45 23.9489632368
0 46 23.93516372688
1 46 23.90834068056
2 46 23.89598221248
3 46 23.88773331504
4 46 23.88216106584
5 46 23.87779734312
6 46 23.87674562616
7 46 23.873436342
8 46 23.86777486968
9 46 23.87555061696
10 46 23.87021355936
11 46 23.86854000216
12 46 23.86397891808
13 46 23.85686823912
14 46 23.88298026744
15 46 23.91771967704
16 46 23.94873344304
17 46 23.94840630672
18 46 23.933746998
19 46 23.93000243928
20 46 23.94918223488
21 46 23.95718242344
22 46 23.9666803992
23 46 23.9722850808
24 46 23.97700029816
25 46 23.97884418216
26 46 23.98254011496
27 46 23.98498692408
28 46 23.98648203504
29 46 23.98667127696
30 46 23.98511937528
31 46 23.98505451048
32 46 23.9839460028
33 46 23.9829510312
34 46 23.982375186
35 46 23.98256982576
36 46 23.98287264912
37 46 23.98612786416
38 46 23.98732559496
39 46 23.98252927392
40 46 23.98043663568
41 46 23.990137416
42 46 23.99212731384
43 46 24.00175506456
44 46 24.0100688268
45 46 24.00967410408
46 46 24.01158557448
47 46 24.01279410096
48 46 24.01196410368
49 46 24.0120857592
50 46 24.01305097464
51 46 24.01203169008
52 46 24.011777538
53 46 24.01073661672
54 46 24.00880890744
55 46 24.00874132104
56 46 24.00837630912
57 46 24.00560776152
58 46 24.005042712
59 46 24.00406937712
60 46 24.00311500272
0 47 24.02149990968
1 47 23.9866145316
2 47 23.9722174944
3 47 23.96420111232
4 47 23.95613878056
5 47 23.95202920992
6 47 23.9481764676
7 47 23.94535117464
8 47 23.94273943656
9 47 23.94095497416
10 47 23.93972753256
11 47 23.9383297188
12 47 23.93421202872
13 47 23.96267084736
14 47 24.00346105416
15 47 23.97880630656
16 47 23.96938403664
17 47 23.96135418264
18 47 23.95535201136
19 47 23.94840898296
20 47 23.9691407256
21 47 23.97897123552
22 47 23.97844401624
23 47 23.98925330424
24 47 23.99093498088
25 47 23.9973129144
26 47 24.00101152344
27 47 24.00832224
28 47 24.00952809024
29 47 24.01681449384
30 47 24.01662792816
31 47 24.02107003296
32 47 24.02233807176
33 47 24.02427929832
34 47 24.0270289308
35 47 24.03105739776
36 47 24.03494524872
37 47 24.0357158244
38 47 24.03990649872
39 47 24.03373672224
40 47 24.03104655672
41 47 24.04362402288
42 47 24.05066979168
43 47 24.05733703128
44 47 24.06072741912
45 47 24.06263081544
46 47 24.0651181764
47 47 24.07138257384
48 47 24.0746242716
49 47 24.07627351584
50 47 24.07620860568
51 47 24.07610586528
52 47 24.0768494064
53 47 24.0772928004
54 47 24.07661689104
55 47 24.07728195936
56 47 24.07878791136
57 47 24.07779026352
58 47 24.07777946784
59 47 24.07475676816
60 47 24.07867705152
0 48 24.04854199944
1 48 24.01253999424
2 48 23.99022663912
3 48 23.97612698208
4 48 23.96683720872
5 48 23.96084587848
6 48 23.95497620376
7 48 23.9508449964
8 48 23.94628123608
9 48 23.943669498
10 48 23.94276102792
11 48 23.94195266736
12 48 23.9421959784
13 48 23.93645880024
14 48 23.95296199296
15 48 24.01857455256
16 48 24.04246416768
17 48 24.04514077056
18 48 24.02783461512
19 48 24.01679285712
20 48 24.00565103496
21 48 24.02115925608
22 48 24.01535176992
23 48 24.01480023768
24 48 24.03514261008
25 48 24.04291568112
26 48 24.04512185544
27 48 24.04947206088
28 48 24.05605007736
29 48 24.05808864648
30 48 24.0655670136
31 48 24.0655615704
32 48 24.06958463952
33 48 24.08322733992
34 48 24.07515421248
35 48 24.08176738296
36 48 24.08651498736
37 48 24.07957468056
38 48 24.08273799624
39 48 24.07605179616
40 48 24.07649523552
41 48 24.07979367864
42 48 24.08709627576
43 48 24.08637169512
44 48 24.14699333928
45 48 24.106184172
46 48 24.10926633864
47 48 24.11397071496
48 48 24.11669331288
49 48 24.11826957288
50 48 24.11016129144
51 48 24.12087858936
52 48 24.1152117192
53 48 24.11713675224
54 48 24.11807760936
55 48 24.11656353792
56 48 24.11624179944
57 48 24.1171286328
58 48 24.11748008208
59 48 24.1164743148
60 48 24.1156551132
0 49 24.08454672624
1 49 24.04581940152
2 49 24.02351416584
3 49 24.0074030196
4 49 23.9947877232
5 49 23.98772303928
6 49 23.98228596288
7 49 23.97815475552
8 49 23.97394512072
9 49 23.97120093144
10 49 23.96918399904
11 49 23.96900822904
12 49 23.9680105812
13 49 23.9679429948
14 49 23.9703384564
15 49 24.01449741432
16 49 24.03961991424
17 49 24.06415840416
18 49 24.07562191944
19 49 24.07356983304
20 49 24.08297318784
21 49 24.0892970976
22 49 24.10365086136
23 49 24.10743869352
24 49 24.11372740392
25 49 24.12617237352
26 49 24.12302801832
27 49 24.12397431864
28 49 24.12626431824
29 49 24.1257749292
30 49 24.12946546416
31 49 24.13064967768
32 49 24.13191227328
33 49 24.13455916536
34 49 24.13866333816
35 49 24.13890125136
36 49 24.1401368124
37 49 24.1432514568
38 49 24.14327309352
39 49 24.14118045528
40 49 24.15457979928
41 49 24.15248716104
42 49 24.153574032
43 49 24.15632906232
44 49 24.15492589608
45 49 24.15936527928
46 49 24.1597302912
47 49 24.16013045712
48 49 24.16131462528
49 49 24.16016288952
50 49 24.15980871864
51 49 24.15927610152
52 49 24.15854607768
53 49 24.15808104696
54 49 24.15751599744
55 49 24.15585323592
56 49 24.15530170368
57 49 24.15480151896
58 49 24.15310900128
59 49 24.14892104856
60 49 24.14958611688
0 50 24.18704005032
1 50 24.12211147416
2 50 24.0894971352
3 50 24.06285248976
4 50 24.04643856552
5 50 24.03535353408
6 50 24.02674774416
7 50 24.01945054488
8 50 24.01487594352
9 50 24.01175322504
10 50 24.00762469392
11 50 24.00482099232
12 50 24.0040477404
13 50 24.00351512328
14 50 23.99779958184
15 50 24.0223434696
16 50 24.06174402744
17 50 24.08319490752
18 50 24.09388249464
19 50 24.10455928608
20 50 24.11362466352
21 50 24.11378419464
22 50 24.13045771416
23 50 24.1385659956
24 50 24.14381650632
25 50 24.150773052
26 50 24.15476636496
27 50 24.155079984
28 50 24.15562072056
29 50 24.16069550664
30 50 24.16304229696
31 50 24.16425622128
32 50 24.16739517864
33 50 24.16792239792
34 50 24.16993121088
35 50 24.17082883992
36 50 24.17198601888
37 50 24.1761442608
38 50 24.17731763328
39 50 24.17920751232
40 50 24.17979692016
41 50 24.18355231992
42 50 24.18355231992
43 50 24.18201121392
44 50 24.18606671544
45 50 24.18654254184
46 50 24.18816747312
47 50 24.186164058
48 50 24.190506144
49 50 24.19181201304
50 50 24.19140377304
51 50 24.19058452608
52 50 24.18990861672
53 50 24.19030333944
54 50 24.18761589552
55 50 24.18733743048
56 50 24.186199212
57 50 24.18524479224
58 50 24.18381726768
59 50 24.18286556952
60 50 24.1805512116
0 51 24.17643084528
1 51 24.1405153416
2 51 24.11920775376
3 51 24.10442406792
4 51 24.09148975464
5 51 24.08349500928
6 51 24.07856623704
7 51 24.07335083496
8 51 24.06886545672
9 51 24.0647775228
10 51 24.06134658312
11 51 24.0598162728
12 51 24.058245456
13 51 24.05658269448
14 51 24.05523359736
15 51 24.0694926948
16 51 24.12185464584
17 51 24.12123820344
18 51 24.11860750488
19 51 24.1239634776
20 51 24.11717186088
21 51 24.11974037088
22 51 24.12415004328
23 51 24.14415988152
24 51 24.14750431968
25 51 24.1548041952
26 51 24.15397147632
27 51 24.1595951184
28 51 24.16394800008
29 51 24.1668409248
30 51 24.16931209224
31 51 24.16857939216
32 51 24.1706720304
33 51 24.17269980384
34 51 24.17350548816
35 51 24.17763937176
36 51 24.17854239864
37 51 24.18149211408
38 51 24.1851339324
39 51 24.18735094776
40 51 24.18870009024
41 51 24.19280693928
42 51 24.19339634712
43 51 24.19401818736
44 51 24.19461571464
45 51 24.19724908944
46 51 24.19495908984
47 51 24.19216618392
48 51 24.19781686056
49 51 24.20030694312
50 51 24.20126131752
51 51 24.2011369404
52 51 24.2010044892
53 51 24.20052861744
54 51 24.19919843544
55 51 24.19771412016
56 51 24.19893616392
57 51 24.19797094848
58 51 24.19694086824
59 51 24.19698414168
60 51 24.19642988784
0 52 24.1824329712
1 52 24.15838926816
2 52 24.14378407392
3 52 24.13255302864
4 52 24.12553161816
5 52 24.12008374608
6 52 24.1137057672
7 52 24.1064951148
8 52 24.13858763232
9 52 24.13266388848
10 52 24.12301989888
11 52 24.12185464584
12 52 24.11512249608
13 52 24.11286225264
14 52 24.12371476872
15 52 24.13233135432
16 52 24.13734123024
17 52 24.13805769144
18 52 24.14609571024
19 52 24.15421483272
20 52 24.1557667344
21 52 24.1587759168
22 52 24.16529986416
23 52 24.16594334112
24 52 24.16707076392
25 52 24.16975548624
26 52 24.17005019016
27 52 24.17482215288
28 52 24.17800166208
29 52 24.1766200872
30 52 24.18074049888
31 52 24.18324949656
32 52 24.1820571636
33 52 24.18851352456
34 52 24.18989509944
35 52 24.196354182
36 52 24.19942283136
37 52 24.1994633832
38 52 24.20420563512
39 52 24.20783665776
40 52 24.20799346728
41 52 24.21060520536
42 52 24.21051598224
43 52 24.21180021456
44 52 24.21428217768
45 52 24.21557992728
46 52 24.21583407936
47 52 24.21749411928
48 52 24.21800514504
49 52 24.2178591312
50 52 24.2162883144
51 52 24.21419295456
52 52 24.2152581888
53 52 24.21499051944
54 52 24.21452548872
55 52 24.21376307784
56 52 24.2138928528
57 52 24.21301958208
58 52 24.21297630864
59 52 24.2127978624
60 52 24.212111112
0 53 24.19295295312
1 53 24.16855775544
2 53 24.15512325744
3 53 24.14814507504
4 53 24.1413345432
5 53 24.13877687424
6 53 24.13308564576
7 53 24.12958439808
8 53 24.12650762928
9 53 24.12388237392
10 53 24.11950785552
11 53 24.12278470728
12 53 24.1273484676
13 53 24.11985123072
14 53 24.11662844808
15 53 24.11306229024
16 53 24.12278470728
17 53 24.18142720392
18 53 24.18238974312
19 53 24.16753579464
20 53 24.1732729728
21 53 24.16918771512
22 53 24.17818010832
23 53 24.18493657104
24 53 24.20690387472
25 53 24.20722021536
26 53 24.20040696192
27 53 24.20717422032
28 53 24.20782314048
29 53 24.20540064432
30 53 24.20553581712
31 53 24.20584131672
32 53 24.20415964008
33 53 24.20526814776
34 53 24.20992117656
35 53 24.21287628984
36 53 24.21359542728
37 53 24.21681009048
38 53 24.21893520648
39 53 24.21839986776
40 53 24.2221660632
41 53 24.22174970376
42 53 24.22378555128
43 53 24.22538884584
44 53 24.22828989
45 53 24.22757338344
46 53 24.23131258968
47 53 24.23409465456
48 53 24.23643060384
49 53 24.23595745368
50 53 24.23626299864
51 53 24.23699569872
52 53 24.23693078856
53 53 24.23781490032
54 53 24.23696322096
55 53 24.23882334384
56 53 24.24079704816
57 53 24.23826909
58 53 24.24181633272
59 53 24.23942087112
60 53 24.23942087112
0 54 24.4380971268
1 54 24.288846624
2 54 24.25601056536
3 54 24.224250582
4 54 24.20567910936
5 54 24.18915427992
6 54 24.17507902656
7 54 24.16599741024
8 54 24.15640748976
9 54 24.15040536384
10 54 24.14344069872
11 54 24.13595425752
12 54 24.13310728248
13 54 24.12890036928
14 54 24.1280027856
15 54 24.179696856
16 54 24.21251939736
17 54 24.2073932184
18 54 24.19657585632
19 54 24.20317283328
20 54 24.21193538736
21 54 24.22581060312
22 54 24.23949929856
23 54 24.25271207688
24 54 24.25718665944
25 54 24.25975516944
26 54 24.25937664024
27 54 24.26076089136
28 54 24.26387281416
29 54 24.26402962368
30 54 24.26508950544
31 54 24.26705232336
32 54 24.26704152768
33 54 24.26597896968
34 54 24.26783909256
35 54 24.27151611024
36 54 24.26929909488
37 54 24.27171614784
38 54 24.27178917744
39 54 24.27145120008
40 54 24.27563647656
41 54 24.27439551768
42 54 24.27390612864
43 54 24.27610150728
44 54 24.27637729608
45 54 24.2777291148
46 54 24.2785483164
47 54 24.27953249232
48 54 24.28167919968
49 54 24.28179545736
50 54 24.28182249192
51 54 24.28134934176
52 54 24.28086267432
53 54 24.28009754184
54 54 24.27973252992
55 54 24.2803273356
56 54 24.27977580336
57 54 24.27746144544
58 54 24.2764989516
59 54 24.27815899152
60 54 24.27596633448
0 55 24.26378631264
1 55 24.24376295712
2 55 24.22324213848
3 55 24.20997524568
4 55 24.19543491624
5 55 24.19541060328
6 55 24.19216618392
7 55 24.18645331872
8 55 24.18270876
9 55 24.18008618088
10 55 24.17782593744
11 55 24.17629834872
12 55 24.17562243936
13 55 24.17445986256
14 55 24.17399483184
15 55 24.1736839344
16 55 24.18138937368
17 55 24.22772751672
18 55 24.23749316184
19 55 24.21967598064
20 55 24.2237747556
21 55 24.2332429752
22 55 24.24513373632
23 55 24.24844841832
24 55 24.25070598552
25 55 24.26000659992
26 55 24.26379710832
27 55 24.26292116136
28 55 24.26557884912
29 55 24.26543555688
30 55 24.268944924
31 55 24.27031837944
32 55 24.27097265208
33 55 24.26996420856
34 55 24.26407289712
35 55 24.26267780496
36 55 24.26491645704
37 55 24.26840418744
38 55 24.26873404536
39 55 24.27450633216
40 55 24.2733518748
41 55 24.27864565896
42 55 24.27830500536
43 55 24.27862674384
44 55 24.28522367544
45 55 24.28732715472
46 55 24.28653498768
47 55 24.28808144616
48 55 24.28980911784
49 55 24.29004430944
50 55 24.29235866736
51 55 24.29244516888
52 55 24.29266416696
53 55 24.29153674416
54 55 24.29282369808
55 55 24.29368345152
56 55 24.2924668056
57 55 24.29242353216
58 55 24.29302378104
59 55 24.29255602872
60 55 24.29232351336
0 56 24.3060797952
1 56 24.26454876888
2 56 24.24510398016
3 56 24.2335863504
4 56 24.22388289384
5 56 24.21683984664
6 56 24.21280865808
7 56 24.21018612432
8 56 24.2074283724
9 56 24.20522487432
10 56 24.20345129832
11 56 24.20108287128
12 56 24.20201293272
13 56 24.20091526608
14 56 24.20048266776
15 56 24.20478148032
16 56 24.22196870184
17 56 24.26623312176
18 56 24.25403958264
19 56 24.24591238608
20 56 24.25180097592
21 56 24.26845825656
22 56 24.27305717088
23 56 24.2818684416
24 56 24.2956111608
25 56 24.30006682824
26 56 24.30701793072
27 56 24.31379603016
28 56 24.31574537616
29 56 24.31652134968
30 56 24.32518116336
31 56 24.323210226
32 56 24.3295692444
33 56 24.33324081888
34 56 24.33381126624
35 56 24.33570386688
36 56 24.339445704
37 56 24.3393781176
38 56 24.34022167752
39 56 24.34228188336
40 56 24.3416384064
41 56 24.3425576268
42 56 24.34522347936
43 56 24.34347689256
44 56 24.34657529808
45 56 24.34735122624
46 56 24.34749724008
47 56 24.34692946896
48 56 24.3477946656
49 56 24.348270492
50 56 24.3494006364
51 56 24.34812719976
52 56 24.34772975544
53 56 24.34656717864
54 56 24.34530458304
55 56 24.34900319208
56 56 24.34520451888
57 56 24.34438531728
58 56 24.34385270016
59 56 24.34316594976
60 56 24.34212507384
0 57 24.32030918184
1 57 24.28873576416
2 57 24.267882366
3 57 24.25561312104
4 57 24.24488226048
5 57 24.23860166952
6 57 24.23051770104
7 57 24.22672986888
8 57 24.22092778056
9 57 24.2189892756
10 57 24.21739410048
11 57 24.21618825024
12 57 24.21507974256
13 57 24.21410645304
14 57 24.2131088052
15 57 24.2147472084
16 57 24.20856931248
17 57 24.21253291464
18 57 24.26572214136
19 57 24.29651963088
20 57 24.28828152912
21 57 24.29326441584
22 57 24.294927132
23 57 24.30059672376
24 57 24.31366357896
25 57 24.31866805704
26 57 24.3276847632
27 57 24.33494680848
28 57 24.33856975704
29 57 24.33866977584
30 57 24.34339846512
31 57 24.34367697552
32 57 24.34927898088
33 57 24.348270492
34 57 24.34795147512
35 57 24.3507984048
36 57 24.35074165944
37 57 24.35067407304
38 57 24.35251523544
39 57 24.3542185488
40 57 24.35489445816
41 57 24.35564879496
42 57 24.35412932568
43 57 24.3554162796
44 57 24.35475116592
45 57 24.35510266056
46 57 24.35696550504
47 57 24.3588715776
48 57 24.35937716016
49 57 24.35759541936
50 57 24.35848225272
51 57 24.35658969744
52 57 24.35824973736
53 57 24.35438347776
54 57 24.35981243472
55 57 24.3565437024
56 57 24.3576738468
57 57 24.35679785448
58 57 24.35618953152
59 57 24.3549728856
60 57 24.35406446088
0 58 24.30584455824
1 58 24.28082752032
2 58 24.25751651736
3 58 24.24677486112
4 58 24.240218436
5 58 24.23370800592
6 58 24.22923346872
7 58 24.22584303552
8 58 24.22366389576
9 58 24.2217902556
10 58 24.22044111312
11 58 24.21897843456
12 58 24.2187459192
13 58 24.218613468
14 58 24.21900819072
15 58 24.22040600448
16 58 24.220830438
17 58 24.22006262928
18 58 24.21778342536
19 58 24.23931001128
20 58 24.28280929872
21 58 24.2862456816
22 58 24.29454864816
23 58 24.30136185624
24 58 24.31263345336
25 58 24.3088780536
26 58 24.3267655428
27 58 24.34393920168
28 58 24.34696734456
29 58 24.35528378304
30 58 24.3565085484
31 58 24.35872828536
32 58 24.36597681336
33 58 24.36445194624
34 58 24.36484939056
35 58 24.37221417624
36 58 24.3752179608
37 58 24.37709967504
38 58 24.37691043312
39 58 24.3767563452
40 58 24.37846773264
41 58 24.37727544504
42 58 24.377264604
43 58 24.37799458248
44 58 24.37758634248
45 58 24.37975468656
46 58 24.3800007192
47 58 24.38042247648
48 58 24.38032245768
49 58 24.37946810208
50 58 24.38124172344
51 58 24.37864890048
52 58 24.37822709784
53 58 24.37684284672
54 58 24.37683200568
55 58 24.3767887776
56 58 24.37589114856
57 58 24.3751152204
58 58 24.37418515896
59 58 24.37284681216
60 58 24.36881566896
0 59 24.41530250208
1 59 24.35505938712
2 59 24.33368693448
3 59 24.31655378208
4 59 24.3031003236
5 59 24.29249116392
6 59 24.28540212168
7 59 24.27781566168
8 59 24.2715052692
9 59 24.26677385832
10 59 24.2631644724
11 59 24.25996332648
12 59 24.257727396
13 59 24.2558104824
14 59 24.25448297664
15 59 24.25226868288
16 59 24.25237682112
17 59 24.25142516832
18 59 24.25124939832
19 59 24.25083843672
20 59 24.2507167812
21 59 24.25023011376
22 59 24.24232191528
23 59 24.27018588288
24 59 24.2691449616
25 59 24.29406198072
26 59 24.297495642
27 59 24.29261009784
28 59 24.2953029396
29 59 24.30858334968
30 59 24.3306966672
31 59 24.34853543976
32 59 24.35537032992
33 59 24.3579847896
34 59 24.3678260952
35 59 24.3717275088
36 59 24.38042247648
37 59 24.3779810652
38 59 24.38101728216
39 59 24.38146072152
40 59 24.38457532056
41 59 24.3857135844
42 59 24.38679773376
43 59 24.3873547092
44 59 24.39106143768
45 59 24.39281342232
46 59 24.38916883704
47 59 24.38824961664
48 59 24.38784137664
49 59 24.38705460744
50 59 24.38664364584
51 59 24.38539184592
52 59 24.38403190776
53 59 24.3826016616
54 59 24.38114165928
55 59 24.37995476952
56 59 24.37844881752
57 59 24.3775403928
58 59 24.37615609632
59 59 24.3752476716
60 59 24.37342270272
0 60 24.35548118976
1 60 24.32602200168
2 60 24.29663044536
3 60 24.27985418544
4 60 24.26892328728
5 60 24.2607717324
6 60 24.25760574048
7 60 24.25302029808
8 60 24.2495866368
9 60 24.24535813224
10 60 24.24492553392
11 60 24.24262201704
12 60 24.24330872208
13 60 24.24273287688
14 60 24.24335471712
15 60 24.24434696712
16 60 24.2448038784
17 60 24.24841326432
18 60 24.24790496016
19 60 24.24749672016
20 60 24.25693795056
21 60 24.25126023936
22 60 24.24814831656
23 60 24.26584651848
24 60 24.29307512856
25 60 24.3151046208
26 60 24.330353292
27 60 24.31181425176
28 60 24.3083697948
29 60 24.30766140768
30 60 24.3163023516
31 60 24.33775862952
32 60 24.34981427424
33 60 24.35601380688
34 60 24.35812536024
35 60 24.36124268088
36 60 24.3677612304
37 60 24.37201409328
38 60 24.37585871616
39 60 24.37735115088
40 60 24.37985742696
41 60 24.37749444312
42 60 24.37891384824
43 60 24.3800683056
44 60 24.3799304112
45 60 24.382085238
46 60 24.38361010512
47 60 24.3867409884
48 60 24.38580280752
49 60 24.3935785548
50 60 24.3826016616
51 60 24.3870086124
52 60 24.38451852984
53 60 24.3842076324
54 60 24.3822582864
55 60 24.38514041544
56 60 24.38319914352
57 60 24.38127415584
58 60 24.38348577336
59 60 24.38176082328
60 60 24.38004399264
